timestamp,middleware_metaq_send_success_rate
1747042380000,0.9999
1747042440000,1.0
1747042500000,1.0
1747042560000,1.0
1747042620000,1.0
1747042680000,1.0
1747042740000,0.9999
1747042800000,1.0
1747042860000,1.0
1747042920000,1.0
1747042980000,1.0
1747043040000,1.0
1747043100000,1.0
1747043160000,1.0
1747043220000,1.0
1747043280000,1.0
1747043340000,1.0
1747043400000,1.0
1747043460000,0.9999
1747043520000,1.0
1747043580000,1.0
1747043640000,0.9999
1747043700000,1.0
1747043760000,1.0
1747043820000,1.0
1747043880000,1.0
1747043940000,1.0
1747044000000,1.0
1747044060000,1.0
1747044120000,0.9999
1747044180000,1.0
1747044240000,1.0
1747044300000,1.0
1747044360000,1.0
1747044420000,1.0
1747044480000,1.0
1747044540000,1.0
1747044600000,1.0
1747044660000,1.0
1747044720000,1.0
1747044780000,1.0
1747044840000,1.0
1747044900000,1.0
1747044960000,1.0
1747045020000,1.0
1747045080000,1.0
1747045140000,1.0
1747045200000,1.0
1747045260000,1.0
1747045320000,1.0
1747045380000,0.9999
1747045440000,1.0
1747045500000,1.0
1747045560000,1.0
1747045620000,1.0
1747045680000,1.0
1747045740000,1.0
1747045800000,1.0
1747045860000,1.0
1747045920000,1.0
1747045980000,0.9999
1747046040000,1.0
1747046100000,1.0
1747046160000,0.9999
1747046220000,1.0
1747046280000,1.0
1747046340000,1.0
1747046400000,1.0
1747046460000,1.0
1747046520000,1.0
1747046580000,1.0
1747046640000,0.9999
1747046700000,1.0
1747046760000,1.0
1747046820000,1.0
1747046880000,1.0
1747046940000,0.9999
1747047000000,1.0
1747047060000,1.0
1747047120000,1.0
1747047180000,1.0
1747047240000,1.0
1747047300000,1.0
1747047360000,1.0
1747047420000,1.0
1747047480000,0.9999
1747047540000,1.0
1747047600000,1.0
1747047660000,1.0
1747047720000,1.0
1747047780000,1.0
1747047840000,1.0
1747047900000,0.9999
1747047960000,1.0
1747048020000,1.0
1747048080000,1.0
1747048140000,1.0
1747048200000,1.0
1747048260000,0.9999
1747048320000,1.0
1747048380000,1.0
1747048440000,1.0
1747048500000,1.0
1747048560000,1.0
1747048620000,1.0
1747048680000,1.0
1747048740000,1.0
1747048800000,1.0
1747048860000,1.0
1747048920000,1.0
1747048980000,1.0
1747049040000,1.0
1747049100000,1.0
1747049160000,1.0
1747049220000,1.0
1747049280000,1.0
1747049340000,1.0
1747049400000,1.0
1747049460000,1.0
1747049520000,1.0
1747049580000,0.9999
1747049640000,1.0
1747049700000,1.0
1747049760000,1.0
1747049820000,1.0
1747049880000,1.0
1747049940000,1.0
1747050000000,1.0
1747050060000,1.0
1747050120000,1.0
1747050180000,1.0
1747050240000,1.0
1747050300000,1.0
1747050360000,1.0
1747050420000,1.0
1747050480000,1.0
1747050540000,1.0
1747050600000,1.0
1747050660000,1.0
1747050720000,1.0
1747050780000,1.0
1747050840000,1.0
1747050900000,1.0
1747050960000,0.9999
1747051020000,1.0
1747051080000,1.0
1747051140000,1.0
1747051200000,1.0
1747051260000,1.0
1747051320000,1.0
1747051380000,1.0
1747051440000,1.0
1747051500000,1.0
1747051560000,1.0
1747051620000,1.0
1747051680000,1.0
1747051740000,0.9999
1747051800000,0.9997
1747051860000,1.0
1747051920000,1.0
1747051980000,1.0
1747052040000,1.0
1747052100000,1.0
1747052160000,0.9999
1747052220000,1.0
1747052280000,1.0
1747052340000,1.0
1747052400000,1.0
1747052460000,1.0
1747052520000,1.0
1747052580000,1.0
1747052640000,1.0
1747052700000,1.0
1747052760000,0.9999
1747052820000,1.0
1747052880000,1.0
1747052940000,1.0
1747053000000,1.0
1747053060000,1.0
1747053120000,1.0
1747053180000,1.0
1747053240000,1.0
1747053300000,1.0
1747053360000,0.9999
1747053420000,1.0
1747053480000,1.0
1747053540000,1.0
1747053600000,1.0
1747053660000,1.0
1747053720000,1.0
1747053780000,1.0
1747053840000,1.0
1747053900000,1.0
1747053960000,1.0
1747054020000,1.0
1747054080000,1.0
1747054140000,1.0
1747054200000,1.0
1747054260000,0.9998
1747054320000,1.0
1747054380000,1.0
1747054440000,1.0
1747054500000,1.0
1747054560000,1.0
1747054620000,1.0
1747054680000,1.0
1747054740000,1.0
1747054800000,1.0
1747054860000,1.0
1747054920000,1.0
1747054980000,1.0
1747055040000,1.0
1747055100000,1.0
1747055160000,1.0
1747055220000,1.0
1747055280000,1.0
1747055340000,1.0
1747055400000,1.0
1747055460000,1.0
1747055520000,1.0
1747055580000,1.0
1747055640000,1.0
1747055700000,1.0
1747055760000,0.9994
1747055820000,0.9987
1747055880000,0.9988
1747055940000,1.0
1747056000000,1.0
1747056060000,1.0
1747056120000,1.0
1747056180000,1.0
1747056240000,1.0
1747056300000,1.0
1747056360000,0.9998
1747056420000,1.0
1747056480000,1.0
1747056540000,1.0
1747056600000,1.0
1747056660000,1.0
1747056720000,0.9998
1747056780000,1.0
1747056840000,1.0
1747056900000,1.0
1747056960000,1.0
1747057020000,1.0
1747057080000,1.0
1747057140000,1.0
1747057200000,1.0
1747057260000,1.0
1747057320000,1.0
1747057380000,1.0
1747057440000,1.0
1747057500000,1.0
1747057560000,1.0
1747057620000,1.0
1747057680000,1.0
1747057740000,1.0
1747057800000,1.0
1747057860000,1.0
1747057920000,1.0
1747057980000,1.0
1747058040000,1.0
1747058100000,1.0
1747058160000,1.0
1747058220000,1.0
1747058280000,1.0
1747058340000,1.0
1747058400000,1.0
1747058460000,1.0
1747058520000,1.0
1747058580000,1.0
1747058640000,1.0
1747058700000,1.0
1747058760000,1.0
1747058820000,1.0
1747058880000,1.0
1747058940000,1.0
1747059000000,1.0
1747059060000,1.0
1747059120000,1.0
1747059180000,1.0
1747059240000,1.0
1747059300000,1.0
1747059360000,1.0
1747059420000,1.0
1747059480000,1.0
1747059540000,1.0
1747059600000,1.0
1747059660000,1.0
1747059720000,1.0
1747059780000,1.0
1747059840000,1.0
1747059900000,1.0
1747059960000,1.0
1747060020000,1.0
1747060080000,1.0
1747060140000,1.0
1747060200000,1.0
1747060260000,1.0
1747060320000,1.0
1747060380000,1.0
1747060440000,1.0
1747060500000,1.0
1747060560000,1.0
1747060620000,1.0
1747060680000,1.0
1747060740000,1.0
1747060800000,1.0
1747060860000,1.0
1747060920000,1.0
1747060980000,1.0
1747061040000,1.0
1747061100000,1.0
1747061160000,1.0
1747061220000,1.0
1747061280000,1.0
1747061340000,1.0
1747061400000,1.0
1747061460000,1.0
1747061520000,1.0
1747061580000,1.0
1747061640000,1.0
1747061700000,1.0
1747061760000,1.0
1747061820000,1.0
1747061880000,1.0
1747061940000,0.9987
1747062000000,1.0
1747062060000,1.0
1747062120000,1.0
1747062180000,1.0
1747062240000,1.0
1747062300000,1.0
1747062360000,1.0
1747062420000,1.0
1747062480000,1.0
1747062540000,1.0
1747062600000,1.0
1747062660000,1.0
1747062720000,1.0
1747062780000,1.0
1747062840000,1.0
1747062900000,1.0
1747062960000,1.0
1747063020000,1.0
1747063080000,1.0
1747063140000,1.0
1747063200000,1.0
1747063260000,1.0
1747063320000,1.0
1747063380000,1.0
1747063440000,1.0
1747063500000,1.0
1747063560000,1.0
1747063620000,1.0
1747063680000,1.0
1747063740000,1.0
1747063800000,1.0
1747063860000,1.0
1747063920000,1.0
1747063980000,1.0
1747064040000,1.0
1747064100000,1.0
1747064160000,1.0
1747064220000,1.0
1747064280000,1.0
1747064340000,1.0
1747064400000,1.0
1747064460000,1.0
1747064520000,1.0
1747064580000,1.0
1747064640000,1.0
1747064700000,1.0
1747064760000,1.0
1747064820000,1.0
1747064880000,1.0
1747064940000,1.0
1747065000000,1.0
1747065060000,1.0
1747065120000,1.0
1747065180000,1.0
1747065240000,1.0
1747065300000,1.0
1747065360000,1.0
1747065420000,1.0
1747065480000,1.0
1747065540000,1.0
1747065600000,1.0
1747065660000,1.0
1747065720000,1.0
1747065780000,1.0
1747065840000,1.0
1747065900000,1.0
1747065960000,1.0
1747066020000,1.0
1747066080000,1.0
1747066140000,1.0
1747066200000,1.0
1747066260000,1.0
1747066320000,1.0
1747066380000,1.0
1747066440000,1.0
1747066500000,1.0
1747066560000,1.0
1747066620000,1.0
1747066680000,1.0
1747066740000,1.0
1747066800000,1.0
1747066860000,1.0
1747066920000,1.0
1747066980000,0.9977
1747067040000,1.0
1747067100000,1.0
1747067160000,1.0
1747067220000,1.0
1747067280000,1.0
1747067340000,1.0
1747067400000,1.0
1747067460000,1.0
1747067520000,1.0
1747067580000,1.0
1747067640000,1.0
1747067700000,1.0
1747067760000,1.0
1747067820000,1.0
1747067880000,1.0
1747067940000,1.0
1747068000000,1.0
1747068060000,1.0
1747068120000,1.0
1747068180000,1.0
1747068240000,1.0
1747068300000,1.0
1747068360000,1.0
1747068420000,1.0
1747068480000,1.0
1747068540000,1.0
1747068600000,1.0
1747068660000,1.0
1747068720000,1.0
1747068780000,1.0
1747068840000,1.0
1747068900000,1.0
1747068960000,1.0
1747069020000,1.0
1747069080000,1.0
1747069140000,1.0
1747069200000,1.0
1747069260000,1.0
1747069320000,1.0
1747069380000,1.0
1747069440000,1.0
1747069500000,1.0
1747069560000,1.0
1747069620000,1.0
1747069680000,1.0
1747069740000,1.0
1747069800000,1.0
1747069860000,1.0
1747069920000,1.0
1747069980000,1.0
1747070040000,1.0
1747070100000,1.0
1747070160000,1.0
1747070220000,1.0
1747070280000,1.0
1747070340000,1.0
1747070400000,1.0
1747070460000,1.0
1747070520000,1.0
1747070580000,1.0
1747070640000,1.0
1747070700000,1.0
1747070760000,1.0
1747070820000,1.0
1747070880000,1.0
1747070940000,1.0
1747071000000,1.0
1747071060000,1.0
1747071120000,1.0
1747071180000,1.0
1747071240000,1.0
1747071300000,1.0
1747071360000,1.0
1747071420000,1.0
1747071480000,1.0
1747071540000,1.0
1747071600000,1.0
1747071660000,1.0
1747071720000,1.0
1747071780000,1.0
1747071840000,1.0
1747071900000,1.0
1747071960000,1.0
1747072020000,1.0
1747072080000,1.0
1747072140000,1.0
1747072200000,1.0
1747072260000,1.0
1747072320000,1.0
1747072380000,1.0
1747072440000,1.0
1747072500000,1.0
1747072560000,1.0
1747072620000,1.0
1747072680000,1.0
1747072740000,1.0
1747072800000,1.0
1747072860000,1.0
1747072920000,1.0
1747072980000,1.0
1747073040000,1.0
1747073100000,1.0
1747073160000,1.0
1747073220000,1.0
1747073280000,1.0
1747073340000,1.0
1747073400000,1.0
1747073460000,1.0
1747073520000,1.0
1747073580000,1.0
1747073640000,1.0
1747073700000,1.0
1747073760000,1.0
1747073820000,1.0
1747073880000,1.0
1747073940000,1.0
1747074000000,1.0
1747074060000,1.0
1747074120000,1.0
1747074180000,1.0
1747074240000,1.0
1747074300000,1.0
1747074360000,1.0
1747074420000,1.0
1747074480000,1.0
1747074540000,1.0
1747074600000,1.0
1747074660000,1.0
1747074720000,1.0
1747074780000,1.0
1747074840000,1.0
1747074900000,1.0
1747074960000,1.0
1747075020000,1.0
1747075080000,1.0
1747075140000,1.0
1747075200000,1.0
1747075260000,1.0
1747075320000,1.0
1747075380000,1.0
1747075440000,1.0
1747075500000,1.0
1747075560000,1.0
1747075620000,1.0
1747075680000,1.0
1747075740000,1.0
1747075800000,1.0
1747075860000,1.0
1747075920000,1.0
1747075980000,1.0
1747076040000,1.0
1747076100000,1.0
1747076160000,1.0
1747076220000,1.0
1747076280000,1.0
1747076340000,1.0
1747076400000,1.0
1747076460000,1.0
1747076520000,1.0
1747076580000,1.0
1747076640000,1.0
1747076700000,1.0
1747076760000,1.0
1747076820000,1.0
1747076880000,1.0
1747076940000,1.0
1747077000000,1.0
1747077060000,1.0
1747077120000,1.0
1747077180000,1.0
1747077240000,1.0
1747077300000,1.0
1747077360000,1.0
1747077420000,1.0
1747077480000,1.0
1747077540000,1.0
1747077600000,1.0
1747077660000,1.0
1747077720000,1.0
1747077780000,1.0
1747077840000,1.0
1747077900000,1.0
1747077960000,1.0
1747078020000,1.0
1747078080000,1.0
1747078140000,1.0
1747078200000,1.0
1747078260000,1.0
1747078320000,1.0
1747078380000,1.0
1747078440000,1.0
1747078500000,1.0
1747078560000,1.0
1747078620000,1.0
1747078680000,1.0
1747078740000,1.0
1747078800000,1.0
1747078860000,1.0
1747078920000,1.0
1747078980000,1.0
1747079040000,1.0
1747079100000,1.0
1747079160000,1.0
1747079220000,1.0
1747079280000,1.0
1747079340000,1.0
1747079400000,1.0
1747079460000,1.0
1747079520000,1.0
1747079580000,1.0
1747079640000,1.0
1747079700000,1.0
1747079760000,1.0
1747079820000,1.0
1747079880000,1.0
1747079940000,1.0
1747080000000,1.0
1747080060000,1.0
1747080120000,1.0
1747080180000,1.0
1747080240000,1.0
1747080300000,1.0
1747080360000,1.0
1747080420000,1.0
1747080480000,1.0
1747080540000,1.0
1747080600000,1.0
1747080660000,1.0
1747080720000,1.0
1747080780000,1.0
1747080840000,1.0
1747080900000,1.0
1747080960000,1.0
1747081020000,1.0
1747081080000,1.0
1747081140000,1.0
1747081200000,1.0
1747081260000,1.0
1747081320000,1.0
1747081380000,1.0
1747081440000,1.0
1747081500000,1.0
1747081560000,1.0
1747081620000,1.0
1747081680000,1.0
1747081740000,1.0
1747081800000,1.0
1747081860000,1.0
1747081920000,1.0
1747081980000,1.0
1747082040000,1.0
1747082100000,1.0
1747082160000,1.0
1747082220000,1.0
1747082280000,1.0
1747082340000,1.0
1747082400000,1.0
1747082460000,1.0
1747082520000,1.0
1747082580000,1.0
1747082640000,1.0
1747082700000,1.0
1747082760000,1.0
1747082820000,1.0
1747082880000,1.0
1747082940000,1.0
1747083000000,1.0
1747083060000,1.0
1747083120000,1.0
1747083180000,1.0
1747083240000,1.0
1747083300000,1.0
1747083360000,1.0
1747083420000,1.0
1747083480000,1.0
1747083540000,1.0
1747083600000,1.0
1747083660000,1.0
1747083720000,1.0
1747083780000,1.0
1747083840000,1.0
1747083900000,1.0
1747083960000,1.0
1747084020000,1.0
1747084080000,1.0
1747084140000,1.0
1747084200000,1.0
1747084260000,1.0
1747084320000,1.0
1747084380000,1.0
1747084440000,1.0
1747084500000,1.0
1747084560000,1.0
1747084620000,1.0
1747084680000,1.0
1747084740000,1.0
1747084800000,1.0
1747084860000,1.0
1747084920000,1.0
1747084980000,1.0
1747085040000,1.0
1747085100000,1.0
1747085160000,1.0
1747085220000,1.0
1747085280000,1.0
1747085340000,1.0
1747085400000,1.0
1747085460000,1.0
1747085520000,1.0
1747085580000,1.0
1747085640000,1.0
1747085700000,1.0
1747085760000,1.0
1747085820000,1.0
1747085880000,1.0
1747085940000,1.0
1747086000000,1.0
1747086060000,1.0
1747086120000,1.0
1747086180000,1.0
1747086240000,1.0
1747086300000,1.0
1747086360000,1.0
1747086420000,1.0
1747086480000,1.0
1747086540000,1.0
1747086600000,1.0
1747086660000,1.0
1747086720000,1.0
1747086780000,1.0
1747086840000,1.0
1747086900000,1.0
1747086960000,1.0
1747087020000,1.0
1747087080000,1.0
1747087140000,1.0
1747087200000,1.0
1747087260000,1.0
1747087320000,1.0
1747087380000,1.0
1747087440000,1.0
1747087500000,1.0
1747087560000,1.0
1747087620000,1.0
1747087680000,1.0
1747087740000,1.0
1747087800000,1.0
1747087860000,1.0
1747087920000,1.0
1747087980000,1.0
1747088040000,1.0
1747088100000,1.0
1747088160000,1.0
1747088220000,1.0
1747088280000,1.0
1747088340000,1.0
1747088400000,1.0
1747088460000,1.0
1747088520000,1.0
1747088580000,1.0
1747088640000,1.0
1747088700000,1.0
1747088760000,1.0
1747088820000,1.0
1747088880000,1.0
1747088940000,1.0
1747089000000,1.0
1747089060000,1.0
1747089120000,1.0
1747089180000,1.0
1747089240000,1.0
1747089300000,1.0
1747089360000,1.0
1747089420000,1.0
1747089480000,1.0
1747089540000,1.0
1747089600000,1.0
1747089660000,1.0
1747089720000,1.0
1747089780000,1.0
1747089840000,1.0
1747089900000,1.0
1747089960000,1.0
1747090020000,1.0
1747090080000,1.0
1747090140000,1.0
1747090200000,1.0
1747090260000,1.0
1747090320000,1.0
1747090380000,1.0
1747090440000,1.0
1747090500000,1.0
1747090560000,1.0
1747090620000,1.0
1747090680000,1.0
1747090740000,1.0
1747090800000,1.0
1747090860000,1.0
1747090920000,1.0
1747090980000,1.0
1747091040000,1.0
1747091100000,1.0
1747091160000,1.0
1747091220000,1.0
1747091280000,1.0
1747091340000,1.0
1747091400000,1.0
1747091460000,1.0
1747091520000,1.0
1747091580000,1.0
1747091640000,1.0
1747091700000,1.0
1747091760000,1.0
1747091820000,1.0
1747091880000,1.0
1747091940000,1.0
1747092000000,1.0
1747092060000,1.0
1747092120000,1.0
1747092180000,1.0
1747092240000,1.0
1747092300000,1.0
1747092360000,1.0
1747092420000,1.0
1747092480000,1.0
1747092540000,1.0
1747092600000,1.0
1747092660000,1.0
1747092720000,1.0
1747092780000,1.0
1747092840000,1.0
1747092900000,1.0
1747092960000,1.0
1747093020000,1.0
1747093080000,1.0
1747093140000,1.0
1747093200000,1.0
1747093260000,1.0
1747093320000,1.0
1747093380000,1.0
1747093440000,1.0
1747093500000,1.0
1747093560000,1.0
1747093620000,1.0
1747093680000,1.0
1747093740000,1.0
1747093800000,1.0
1747093860000,1.0
1747093920000,1.0
1747093980000,1.0
1747094040000,1.0
1747094100000,1.0
1747094160000,1.0
1747094220000,1.0
1747094280000,1.0
1747094340000,1.0
1747094400000,1.0
1747094460000,1.0
1747094520000,1.0
1747094580000,1.0
1747094640000,1.0
1747094700000,1.0
1747094760000,1.0
1747094820000,1.0
1747094880000,1.0
1747094940000,1.0
1747095000000,1.0
1747095060000,1.0
1747095120000,1.0
1747095180000,1.0
1747095240000,1.0
1747095300000,1.0
1747095360000,1.0
1747095420000,1.0
1747095480000,1.0
1747095540000,1.0
1747095600000,1.0
1747095660000,1.0
1747095720000,1.0
1747095780000,1.0
1747095840000,1.0
1747095900000,0.9999
1747095960000,1.0
1747096020000,1.0
1747096080000,1.0
1747096140000,1.0
1747096200000,1.0
1747096260000,1.0
1747096320000,1.0
1747096380000,1.0
1747096440000,1.0
1747096500000,1.0
1747096560000,1.0
1747096620000,1.0
1747096680000,1.0
1747096740000,0.9999
1747096800000,1.0
1747096860000,1.0
1747096920000,1.0
1747096980000,1.0
1747097040000,1.0
1747097100000,1.0
1747097160000,1.0
1747097220000,1.0
1747097280000,1.0
1747097340000,1.0
1747097400000,1.0
1747097460000,1.0
1747097520000,1.0
1747097580000,1.0
1747097640000,1.0
1747097700000,1.0
1747097760000,1.0
1747097820000,1.0
1747097880000,1.0
1747097940000,1.0
1747098000000,1.0
1747098060000,1.0
1747098120000,1.0
1747098180000,1.0
1747098240000,1.0
1747098300000,0.9999
1747098360000,1.0
1747098420000,1.0
1747098480000,1.0
1747098540000,1.0
1747098600000,1.0
1747098660000,1.0
1747098720000,1.0
1747098780000,1.0
1747098840000,1.0
1747098900000,1.0
1747098960000,1.0
1747099020000,1.0
1747099080000,1.0
1747099140000,0.9999
1747099200000,1.0
1747099260000,1.0
1747099320000,1.0
1747099380000,1.0
1747099440000,0.9999
1747099500000,1.0
1747099560000,1.0
1747099620000,1.0
1747099680000,1.0
1747099740000,1.0
1747099800000,1.0
1747099860000,1.0
1747099920000,1.0
1747099980000,1.0
1747100040000,1.0
1747100100000,1.0
1747100160000,1.0
1747100220000,0.9999
1747100280000,1.0
1747100340000,1.0
1747100400000,1.0
1747100460000,1.0
1747100520000,1.0
1747100580000,1.0
1747100640000,1.0
1747100700000,1.0
1747100760000,0.9999
1747100820000,1.0
1747100880000,0.9999
1747100940000,1.0
1747101000000,0.9999
1747101060000,1.0
1747101120000,1.0
1747101180000,1.0
1747101240000,1.0
1747101300000,1.0
1747101360000,1.0
1747101420000,1.0
1747101480000,1.0
1747101540000,1.0
1747101600000,1.0
1747101660000,1.0
1747101720000,0.9999
1747101780000,1.0
1747101840000,1.0
1747101900000,1.0
1747101960000,0.9999
1747102020000,1.0
1747102080000,0.9999
1747102140000,1.0
1747102200000,1.0
1747102260000,1.0
1747102320000,1.0
1747102380000,0.9999
1747102440000,1.0
1747102500000,1.0
1747102560000,1.0
1747102620000,1.0
1747102680000,1.0
1747102740000,1.0
1747102800000,1.0
1747102860000,1.0
1747102920000,1.0
1747102980000,1.0
1747103040000,1.0
1747103100000,1.0
1747103160000,1.0
1747103220000,1.0
1747103280000,1.0
1747103340000,1.0
1747103400000,1.0
1747103460000,1.0
1747103520000,1.0
1747103580000,1.0
1747103640000,1.0
1747103700000,1.0
1747103760000,1.0
1747103820000,1.0
1747103880000,1.0
1747103940000,1.0
1747104000000,1.0
1747104060000,1.0
1747104120000,0.9999
1747104180000,1.0
1747104240000,1.0
1747104300000,1.0
1747104360000,1.0
1747104420000,1.0
1747104480000,1.0
1747104540000,1.0
1747104600000,1.0
1747104660000,1.0
1747104720000,1.0
1747104780000,1.0
1747104840000,1.0
1747104900000,1.0
1747104960000,1.0
1747105020000,1.0
1747105080000,0.9999
1747105140000,1.0
1747105200000,1.0
1747105260000,1.0
1747105320000,1.0
1747105380000,1.0
1747105440000,1.0
1747105500000,1.0
1747105560000,1.0
1747105620000,1.0
1747105680000,0.9999
1747105740000,1.0
1747105800000,1.0
1747105860000,1.0
1747105920000,1.0
1747105980000,1.0
1747106040000,1.0
1747106100000,1.0
1747106160000,1.0
1747106220000,1.0
1747106280000,1.0
1747106340000,1.0
1747106400000,1.0
1747106460000,1.0
1747106520000,1.0
1747106580000,1.0
1747106640000,1.0
1747106700000,1.0
1747106760000,1.0
1747106820000,1.0
1747106880000,1.0
1747106940000,1.0
1747107000000,1.0
1747107060000,1.0
1747107120000,0.9997
1747107180000,1.0
1747107240000,1.0
1747107300000,1.0
1747107360000,1.0
1747107420000,1.0
1747107480000,1.0
1747107540000,1.0
1747107600000,1.0
1747107660000,1.0
1747107720000,1.0
1747107780000,1.0
1747107840000,1.0
1747107900000,1.0
1747107960000,1.0
1747108020000,1.0
1747108080000,1.0
1747108140000,1.0
1747108200000,1.0
1747108260000,1.0
1747108320000,1.0
1747108380000,1.0
1747108440000,1.0
1747108500000,1.0
1747108560000,1.0
1747108620000,1.0
1747108680000,1.0
1747108740000,1.0
1747108800000,1.0
1747108860000,1.0
1747108920000,1.0
1747108980000,1.0
1747109040000,1.0
1747109100000,1.0
1747109160000,1.0
1747109220000,1.0
1747109280000,1.0
1747109340000,1.0
1747109400000,1.0
1747109460000,1.0
1747109520000,0.9999
1747109580000,1.0
1747109640000,1.0
1747109700000,1.0
1747109760000,1.0
1747109820000,1.0
1747109880000,1.0
1747109940000,1.0
1747110000000,1.0
1747110060000,1.0
1747110120000,1.0
1747110180000,0.9998
1747110240000,1.0
1747110300000,1.0
1747110360000,1.0
1747110420000,1.0
1747110480000,1.0
1747110540000,1.0
1747110600000,1.0
1747110660000,1.0
1747110720000,1.0
1747110780000,0.9998
1747110840000,0.9998
1747110900000,1.0
1747110960000,0.9998
1747111020000,1.0
1747111080000,1.0
1747111140000,1.0
1747111200000,1.0
1747111260000,1.0
1747111320000,1.0
1747111380000,1.0
1747111440000,1.0
1747111500000,1.0
1747111560000,0.9998
1747111620000,1.0
1747111680000,1.0
1747111740000,1.0
1747111800000,1.0
1747111860000,1.0
1747111920000,1.0
1747111980000,1.0
1747112040000,1.0
1747112100000,1.0
1747112160000,1.0
1747112220000,1.0
1747112280000,1.0
1747112340000,0.9998
1747112400000,1.0
1747112460000,0.9998
1747112520000,1.0
1747112580000,1.0
1747112640000,1.0
1747112700000,1.0
1747112760000,1.0
1747112820000,1.0
1747112880000,1.0
1747112940000,1.0
1747113000000,1.0
1747113060000,1.0
1747113120000,1.0
1747113180000,1.0
1747113240000,1.0
1747113300000,1.0
1747113360000,1.0
1747113420000,1.0
1747113480000,1.0
1747113540000,1.0
1747113600000,1.0
1747113660000,1.0
1747113720000,1.0
1747113780000,0.9998
1747113840000,1.0
1747113900000,1.0
1747113960000,0.9998
1747114020000,1.0
1747114080000,1.0
1747114140000,1.0
1747114200000,1.0
1747114260000,1.0
1747114320000,1.0
1747114380000,1.0
1747114440000,1.0
1747114500000,1.0
1747114560000,1.0
1747114620000,0.9998
1747114680000,1.0
1747114740000,1.0
1747114800000,1.0
1747114860000,1.0
1747114920000,1.0
1747114980000,1.0
1747115040000,1.0
1747115100000,1.0
1747115160000,1.0
1747115220000,1.0
1747115280000,1.0
1747115340000,1.0
1747115400000,1.0
1747115460000,1.0
1747115520000,1.0
1747115580000,1.0
1747115640000,1.0
1747115700000,1.0
1747115760000,1.0
1747115820000,1.0
1747115880000,1.0
1747115940000,1.0
1747116000000,1.0
1747116060000,1.0
1747116120000,1.0
1747116180000,1.0
1747116240000,1.0
1747116300000,0.9998
1747116360000,1.0
1747116420000,1.0
1747116480000,1.0
1747116540000,1.0
1747116600000,1.0
1747116660000,1.0
1747116720000,1.0
1747116780000,1.0
1747116840000,1.0
1747116900000,1.0
1747116960000,1.0
1747117020000,1.0
1747117080000,1.0
1747117140000,1.0
1747117200000,1.0
1747117260000,1.0
1747117320000,1.0
1747117380000,1.0
1747117440000,1.0
1747117500000,1.0
1747117560000,1.0
1747117620000,1.0
1747117680000,1.0
1747117740000,1.0
1747117800000,1.0
1747117860000,1.0
1747117920000,0.9998
1747117980000,1.0
1747118040000,1.0
1747118100000,1.0
1747118160000,1.0
1747118220000,1.0
1747118280000,1.0
1747118340000,1.0
1747118400000,1.0
1747118460000,1.0
1747118520000,1.0
1747118580000,1.0
1747118640000,1.0
1747118700000,1.0
1747118760000,1.0
1747118820000,1.0
1747118880000,1.0
1747118940000,1.0
1747119000000,1.0
1747119060000,1.0
1747119120000,1.0
1747119180000,1.0
1747119240000,1.0
1747119300000,1.0
1747119360000,1.0
1747119420000,1.0
1747119480000,1.0
1747119540000,1.0
1747119600000,1.0
1747119660000,1.0
1747119720000,1.0
1747119780000,1.0
1747119840000,1.0
1747119900000,1.0
1747119960000,1.0
1747120020000,1.0
1747120080000,1.0
1747120140000,1.0
1747120200000,1.0
1747120260000,1.0
1747120320000,1.0
1747120380000,1.0
1747120440000,1.0
1747120500000,1.0
1747120560000,1.0
1747120620000,1.0
1747120680000,1.0
1747120740000,1.0
1747120800000,1.0
1747120860000,1.0
1747120920000,1.0
1747120980000,1.0
1747121040000,1.0
1747121100000,1.0
1747121160000,1.0
1747121220000,1.0
1747121280000,1.0
1747121340000,1.0
1747121400000,1.0
1747121460000,1.0
1747121520000,1.0
1747121580000,1.0
1747121640000,1.0
1747121700000,1.0
1747121760000,1.0
1747121820000,1.0
1747121880000,1.0
1747121940000,1.0
1747122000000,1.0
1747122060000,0.9999
1747122120000,1.0
1747122180000,1.0
1747122240000,1.0
1747122300000,0.9999
1747122360000,1.0
1747122420000,1.0
1747122480000,1.0
1747122540000,1.0
1747122600000,1.0
1747122660000,1.0
1747122720000,1.0
1747122780000,1.0
1747122840000,1.0
1747122900000,1.0
1747122960000,1.0
1747123020000,1.0
1747123080000,1.0
1747123140000,1.0
1747123200000,1.0
1747123260000,1.0
1747123320000,1.0
1747123380000,1.0
1747123440000,1.0
1747123500000,1.0
1747123560000,1.0
1747123620000,1.0
1747123680000,1.0
1747123740000,1.0
1747123800000,1.0
1747123860000,0.9999
1747123920000,1.0
1747123980000,1.0
1747124040000,1.0
1747124100000,1.0
1747124160000,1.0
1747124220000,1.0
1747124280000,1.0
1747124340000,0.9998
1747124400000,1.0
1747124460000,1.0
1747124520000,1.0
1747124580000,1.0
1747124640000,1.0
1747124700000,1.0
1747124760000,1.0
1747124820000,0.9999
1747124880000,1.0
1747124940000,0.9999
1747125000000,1.0
1747125060000,1.0
1747125120000,1.0
1747125180000,1.0
1747125240000,1.0
1747125300000,1.0
1747125360000,1.0
1747125420000,1.0
1747125480000,1.0
1747125540000,1.0
1747125600000,1.0
1747125660000,1.0
1747125720000,1.0
1747125780000,1.0
1747125840000,1.0
1747125900000,0.9999
1747125960000,1.0
1747126020000,1.0
1747126080000,1.0
1747126140000,1.0
1747126200000,1.0
1747126260000,1.0
1747126320000,0.9999
1747126380000,1.0
1747126440000,1.0
1747126500000,1.0
1747126560000,1.0
1747126620000,1.0
1747126680000,1.0
1747126740000,1.0
1747126800000,1.0
1747126860000,1.0
1747126920000,1.0
1747126980000,1.0
1747127040000,1.0
1747127100000,1.0
1747127160000,1.0
1747127220000,0.9998
1747127280000,1.0
1747127340000,1.0
1747127400000,1.0
1747127460000,1.0
1747127520000,1.0
1747127580000,1.0
1747127640000,1.0
1747127700000,1.0
1747127760000,1.0
1747127820000,1.0
1747127880000,1.0
1747127940000,0.9998
1747128000000,1.0
1747128060000,1.0
1747128120000,0.9999
1747128180000,1.0
1747128240000,1.0
1747128300000,1.0
1747128360000,1.0
1747128420000,1.0
1747128480000,1.0
1747128540000,1.0
1747128600000,1.0
1747128660000,1.0
1747128720000,1.0
1747128780000,1.0
1747128840000,1.0
1747128900000,1.0
1747128960000,1.0
1747129020000,1.0
1747129080000,1.0
1747129140000,1.0
1747129200000,1.0
1747129260000,1.0
1747129320000,1.0
1747129380000,1.0
1747129440000,1.0
1747129500000,1.0
1747129560000,1.0
1747129620000,1.0
1747129680000,1.0
1747129740000,1.0
1747129800000,1.0
1747129860000,1.0
1747129920000,1.0
1747129980000,0.9999
1747130040000,1.0
1747130100000,1.0
1747130160000,1.0
1747130220000,0.9999
1747130280000,0.9999
1747130340000,1.0
1747130400000,1.0
1747130460000,1.0
1747130520000,1.0
1747130580000,1.0
1747130640000,1.0
1747130700000,0.9999
1747130760000,0.9999
1747130820000,1.0
1747130880000,1.0
1747130940000,1.0
1747131000000,1.0
1747131060000,1.0
1747131120000,1.0
1747131180000,1.0
1747131240000,1.0
1747131300000,1.0
1747131360000,1.0
1747131420000,1.0
1747131480000,1.0
1747131540000,1.0
1747131600000,1.0
1747131660000,1.0
1747131720000,1.0
1747131780000,0.9999
1747131840000,1.0
1747131900000,1.0
1747131960000,1.0
1747132020000,1.0
1747132080000,1.0
1747132140000,1.0
1747132200000,1.0
1747132260000,1.0
1747132320000,1.0
1747132380000,1.0
1747132440000,1.0
1747132500000,1.0
1747132560000,1.0
1747132620000,0.9999
1747132680000,1.0
1747132740000,1.0
1747132800000,1.0
1747132860000,1.0
1747132920000,1.0
1747132980000,1.0
1747133040000,1.0
1747133100000,1.0
1747133160000,1.0
1747133220000,1.0
1747133280000,1.0
1747133340000,1.0
1747133400000,1.0
1747133460000,0.9999
1747133520000,1.0
1747133580000,1.0
1747133640000,1.0
1747133700000,1.0
1747133760000,1.0
1747133820000,1.0
1747133880000,1.0
1747133940000,1.0
1747134000000,1.0
1747134060000,1.0
1747134120000,1.0
1747134180000,1.0
1747134240000,1.0
1747134300000,1.0
1747134360000,1.0
1747134420000,1.0
1747134480000,1.0
1747134540000,1.0
1747134600000,1.0
1747134660000,1.0
1747134720000,0.9999
1747134780000,1.0
1747134840000,1.0
1747134900000,1.0
1747134960000,1.0
1747135020000,1.0
1747135080000,1.0
1747135140000,1.0
1747135200000,1.0
1747135260000,1.0
1747135320000,1.0
1747135380000,1.0
1747135440000,1.0
1747135500000,1.0
1747135560000,1.0
1747135620000,1.0
1747135680000,1.0
1747135740000,1.0
1747135800000,1.0
1747135860000,1.0
1747135920000,1.0
1747135980000,1.0
1747136040000,1.0
1747136100000,1.0
1747136160000,1.0
1747136220000,1.0
1747136280000,0.9999
1747136340000,1.0
1747136400000,1.0
1747136460000,1.0
1747136520000,1.0
1747136580000,1.0
1747136640000,1.0
1747136700000,1.0
1747136760000,1.0
1747136820000,1.0
1747136880000,1.0
1747136940000,0.9999
1747137000000,1.0
1747137060000,1.0
1747137120000,1.0
1747137180000,1.0
1747137240000,1.0
1747137300000,1.0
1747137360000,1.0
1747137420000,1.0
1747137480000,1.0
1747137540000,1.0
1747137600000,1.0
1747137660000,1.0
1747137720000,1.0
1747137780000,1.0
1747137840000,1.0
1747137900000,1.0
1747137960000,1.0
1747138020000,1.0
1747138080000,1.0
1747138140000,1.0
1747138200000,1.0
1747138260000,1.0
1747138320000,1.0
1747138380000,1.0
1747138440000,0.9999
1747138500000,1.0
1747138560000,1.0
1747138620000,1.0
1747138680000,1.0
1747138740000,1.0
1747138800000,1.0
1747138860000,1.0
1747138920000,1.0
1747138980000,1.0
1747139040000,1.0
1747139100000,1.0
1747139160000,1.0
1747139220000,1.0
1747139280000,1.0
1747139340000,1.0
1747139400000,1.0
1747139460000,1.0
1747139520000,1.0
1747139580000,1.0
1747139640000,0.9999
1747139700000,1.0
1747139760000,1.0
1747139820000,1.0
1747139880000,1.0
1747139940000,1.0
1747140000000,1.0
1747140060000,1.0
1747140120000,1.0
1747140180000,1.0
1747140240000,1.0
1747140300000,1.0
1747140360000,1.0
1747140420000,1.0
1747140480000,1.0
1747140540000,0.9999
1747140600000,1.0
1747140660000,1.0
1747140720000,1.0
1747140780000,1.0
1747140840000,1.0
1747140900000,1.0
1747140960000,1.0
1747141020000,1.0
1747141080000,1.0
1747141140000,1.0
1747141200000,1.0
1747141260000,1.0
1747141320000,1.0
1747141380000,1.0
1747141440000,1.0
1747141500000,1.0
1747141560000,1.0
1747141620000,1.0
1747141680000,1.0
1747141740000,1.0
1747141800000,1.0
1747141860000,0.9996
1747141920000,1.0
1747141980000,1.0
1747142040000,0.9998
1747142100000,1.0
1747142160000,1.0
1747142220000,1.0
1747142280000,1.0
1747142340000,1.0
1747142400000,1.0
1747142460000,1.0
1747142520000,1.0
1747142580000,1.0
1747142640000,1.0
1747142700000,1.0
1747142760000,1.0
1747142820000,1.0
1747142880000,1.0
1747142940000,1.0
1747143000000,1.0
1747143060000,1.0
1747143120000,1.0
1747143180000,1.0
1747143240000,1.0
1747143300000,1.0
1747143360000,0.9998
1747143420000,1.0
1747143480000,1.0
1747143540000,1.0
1747143600000,1.0
1747143660000,1.0
1747143720000,1.0
1747143780000,1.0
1747143840000,1.0
1747143900000,1.0
1747143960000,1.0
1747144020000,1.0
1747144080000,1.0
1747144140000,1.0
1747144200000,1.0
1747144260000,1.0
1747144320000,1.0
1747144380000,1.0
1747144440000,1.0
1747144500000,1.0
1747144560000,1.0
1747144620000,1.0
1747144680000,1.0
1747144740000,1.0
1747144800000,1.0
1747144860000,1.0
1747144920000,1.0
1747144980000,1.0
1747145040000,1.0
1747145100000,1.0
1747145160000,1.0
1747145220000,1.0
1747145280000,1.0
1747145340000,1.0
1747145400000,1.0
1747145460000,1.0
1747145520000,1.0
1747145580000,1.0
1747145640000,1.0
1747145700000,1.0
1747145760000,1.0
1747145820000,1.0
1747145880000,1.0
1747145940000,1.0
1747146000000,1.0
1747146060000,1.0
1747146120000,1.0
1747146180000,1.0
1747146240000,1.0
1747146300000,1.0
1747146360000,1.0
1747146420000,0.9987
1747146480000,1.0
1747146540000,1.0
1747146600000,1.0
1747146660000,1.0
1747146720000,1.0
1747146780000,1.0
1747146840000,1.0
1747146900000,1.0
1747146960000,1.0
1747147020000,1.0
1747147080000,1.0
1747147140000,1.0
1747147200000,1.0
1747147260000,1.0
1747147320000,1.0
1747147380000,1.0
1747147440000,1.0
1747147500000,1.0
1747147560000,1.0
1747147620000,1.0
1747147680000,1.0
1747147740000,1.0
1747147800000,1.0
1747147860000,1.0
1747147920000,1.0
1747147980000,1.0
1747148040000,1.0
1747148100000,1.0
1747148160000,1.0
1747148220000,1.0
1747148280000,1.0
1747148340000,1.0
1747148400000,1.0
1747148460000,1.0
1747148520000,1.0
1747148580000,1.0
1747148640000,1.0
1747148700000,1.0
1747148760000,1.0
1747148820000,1.0
1747148880000,1.0
1747148940000,1.0
1747149000000,1.0
1747149060000,1.0
1747149120000,1.0
1747149180000,1.0
1747149240000,1.0
1747149300000,1.0
1747149360000,1.0
1747149420000,1.0
1747149480000,1.0
1747149540000,1.0
1747149600000,1.0
1747149660000,1.0
1747149720000,1.0
1747149780000,1.0
1747149840000,1.0
1747149900000,1.0
1747149960000,1.0
1747150020000,1.0
1747150080000,1.0
1747150140000,1.0
1747150200000,1.0
1747150260000,1.0
1747150320000,1.0
1747150380000,1.0
1747150440000,1.0
1747150500000,1.0
1747150560000,1.0
1747150620000,1.0
1747150680000,1.0
1747150740000,1.0
1747150800000,1.0
1747150860000,1.0
1747150920000,1.0
1747150980000,1.0
1747151040000,1.0
1747151100000,1.0
1747151160000,1.0
1747151220000,1.0
1747151280000,1.0
1747151340000,1.0
1747151400000,1.0
1747151460000,1.0
1747151520000,1.0
1747151580000,1.0
1747151640000,1.0
1747151700000,1.0
1747151760000,1.0
1747151820000,1.0
1747151880000,1.0
1747151940000,1.0
1747152000000,1.0
1747152060000,1.0
1747152120000,1.0
1747152180000,1.0
1747152240000,1.0
1747152300000,1.0
1747152360000,0.9983
1747152420000,1.0
1747152480000,1.0
1747152540000,1.0
1747152600000,1.0
1747152660000,1.0
1747152720000,1.0
1747152780000,1.0
1747152840000,1.0
1747152900000,1.0
1747152960000,1.0
1747153020000,1.0
1747153080000,1.0
1747153140000,1.0
1747153200000,1.0
1747153260000,1.0
1747153320000,1.0
1747153380000,1.0
1747153440000,1.0
1747153500000,1.0
1747153560000,1.0
1747153620000,1.0
1747153680000,1.0
1747153740000,1.0
1747153800000,1.0
1747153860000,1.0
1747153920000,1.0
1747153980000,1.0
1747154040000,1.0
1747154100000,1.0
1747154160000,1.0
1747154220000,1.0
1747154280000,1.0
1747154340000,1.0
1747154400000,1.0
1747154460000,1.0
1747154520000,1.0
1747154580000,1.0
1747154640000,1.0
1747154700000,1.0
1747154760000,1.0
1747154820000,1.0
1747154880000,1.0
1747154940000,1.0
1747155000000,1.0
1747155060000,1.0
1747155120000,1.0
1747155180000,1.0
1747155240000,1.0
1747155300000,1.0
1747155360000,1.0
1747155420000,1.0
1747155480000,1.0
1747155540000,1.0
1747155600000,1.0
1747155660000,1.0
1747155720000,1.0
1747155780000,1.0
1747155840000,1.0
1747155900000,1.0
1747155960000,1.0
1747156020000,1.0
1747156080000,1.0
1747156140000,1.0
1747156200000,1.0
1747156260000,1.0
1747156320000,1.0
1747156380000,1.0
1747156440000,1.0
1747156500000,1.0
1747156560000,1.0
1747156620000,1.0
1747156680000,1.0
1747156740000,1.0
1747156800000,1.0
1747156860000,1.0
1747156920000,1.0
1747156980000,1.0
1747157040000,1.0
1747157100000,1.0
1747157160000,1.0
1747157220000,1.0
1747157280000,1.0
1747157340000,1.0
1747157400000,1.0
1747157460000,1.0
1747157520000,1.0
1747157580000,1.0
1747157640000,1.0
1747157700000,1.0
1747157760000,1.0
1747157820000,1.0
1747157880000,1.0
1747157940000,1.0
1747158000000,1.0
1747158060000,1.0
1747158120000,1.0
1747158180000,1.0
1747158240000,1.0
1747158300000,1.0
1747158360000,1.0
1747158420000,1.0
1747158480000,1.0
1747158540000,1.0
1747158600000,1.0
1747158660000,1.0
1747158720000,1.0
1747158780000,1.0
1747158840000,1.0
1747158900000,1.0
1747158960000,1.0
1747159020000,1.0
1747159080000,1.0
1747159140000,1.0
1747159200000,1.0
1747159260000,1.0
1747159320000,1.0
1747159380000,1.0
1747159440000,1.0
1747159500000,1.0
1747159560000,1.0
1747159620000,1.0
1747159680000,1.0
1747159740000,1.0
1747159800000,1.0
1747159860000,1.0
1747159920000,1.0
1747159980000,1.0
1747160040000,1.0
1747160100000,1.0
1747160160000,1.0
1747160220000,1.0
1747160280000,1.0
1747160340000,1.0
1747160400000,1.0
1747160460000,1.0
1747160520000,1.0
1747160580000,1.0
1747160640000,1.0
1747160700000,1.0
1747160760000,1.0
1747160820000,1.0
1747160880000,1.0
1747160940000,1.0
1747161000000,1.0
1747161060000,1.0
1747161120000,1.0
1747161180000,1.0
1747161240000,1.0
1747161300000,1.0
1747161360000,1.0
1747161420000,1.0
1747161480000,1.0
1747161540000,1.0
1747161600000,1.0
1747161660000,1.0
1747161720000,1.0
1747161780000,1.0
1747161840000,1.0
1747161900000,1.0
1747161960000,1.0
1747162020000,1.0
1747162080000,1.0
1747162140000,1.0
1747162200000,1.0
1747162260000,1.0
1747162320000,1.0
1747162380000,1.0
1747162440000,1.0
1747162500000,1.0
1747162560000,1.0
1747162620000,1.0
1747162680000,1.0
1747162740000,1.0
1747162800000,1.0
1747162860000,1.0
1747162920000,1.0
1747162980000,1.0
1747163040000,1.0
1747163100000,1.0
1747163160000,1.0
1747163220000,1.0
1747163280000,1.0
1747163340000,1.0
1747163400000,1.0
1747163460000,1.0
1747163520000,1.0
1747163580000,1.0
1747163640000,1.0
1747163700000,1.0
1747163760000,1.0
1747163820000,1.0
1747163880000,1.0
1747163940000,1.0
1747164000000,1.0
1747164060000,1.0
1747164120000,1.0
1747164180000,1.0
1747164240000,1.0
1747164300000,1.0
1747164360000,1.0
1747164420000,1.0
1747164480000,1.0
1747164540000,1.0
1747164600000,1.0
1747164660000,1.0
1747164720000,1.0
1747164780000,1.0
1747164840000,1.0
1747164900000,1.0
1747164960000,1.0
1747165020000,1.0
1747165080000,1.0
1747165140000,1.0
1747165200000,1.0
1747165260000,1.0
1747165320000,1.0
1747165380000,1.0
1747165440000,1.0
1747165500000,1.0
1747165560000,1.0
1747165620000,1.0
1747165680000,1.0
1747165740000,1.0
1747165800000,1.0
1747165860000,1.0
1747165920000,1.0
1747165980000,1.0
1747166040000,1.0
1747166100000,1.0
1747166160000,1.0
1747166220000,1.0
1747166280000,1.0
1747166340000,1.0
1747166400000,1.0
1747166460000,1.0
1747166520000,1.0
1747166580000,1.0
1747166640000,1.0
1747166700000,1.0
1747166760000,1.0
1747166820000,1.0
1747166880000,1.0
1747166940000,1.0
1747167000000,1.0
1747167060000,1.0
1747167120000,1.0
1747167180000,1.0
1747167240000,1.0
1747167300000,1.0
1747167360000,1.0
1747167420000,1.0
1747167480000,1.0
1747167540000,1.0
1747167600000,1.0
1747167660000,1.0
1747167720000,1.0
1747167780000,1.0
1747167840000,1.0
1747167900000,1.0
1747167960000,1.0
1747168020000,1.0
1747168080000,1.0
1747168140000,1.0
1747168200000,1.0
1747168260000,1.0
1747168320000,1.0
1747168380000,1.0
1747168440000,1.0
1747168500000,1.0
1747168560000,1.0
1747168620000,1.0
1747168680000,1.0
1747168740000,1.0
1747168800000,1.0
1747168860000,1.0
1747168920000,1.0
1747168980000,1.0
1747169040000,1.0
1747169100000,1.0
1747169160000,1.0
1747169220000,1.0
1747169280000,1.0
1747169340000,1.0
1747169400000,1.0
1747169460000,1.0
1747169520000,1.0
1747169580000,1.0
1747169640000,1.0
1747169700000,1.0
1747169760000,1.0
1747169820000,1.0
1747169880000,1.0
1747169940000,1.0
1747170000000,1.0
1747170060000,1.0
1747170120000,1.0
1747170180000,1.0
1747170240000,1.0
1747170300000,1.0
1747170360000,1.0
1747170420000,1.0
1747170480000,1.0
1747170540000,1.0
1747170600000,1.0
1747170660000,1.0
1747170720000,1.0
1747170780000,1.0
1747170840000,1.0
1747170900000,1.0
1747170960000,1.0
1747171020000,1.0
1747171080000,1.0
1747171140000,1.0
1747171200000,1.0
1747171260000,1.0
1747171320000,1.0
1747171380000,1.0
1747171440000,1.0
1747171500000,1.0
1747171560000,1.0
1747171620000,1.0
1747171680000,1.0
1747171740000,1.0
1747171800000,1.0
1747171860000,1.0
1747171920000,1.0
1747171980000,1.0
1747172040000,1.0
1747172100000,1.0
1747172160000,1.0
1747172220000,1.0
1747172280000,1.0
1747172340000,1.0
1747172400000,1.0
1747172460000,1.0
1747172520000,1.0
1747172580000,1.0
1747172640000,1.0
1747172700000,1.0
1747172760000,1.0
1747172820000,1.0
1747172880000,1.0
1747172940000,1.0
1747173000000,1.0
1747173060000,1.0
1747173120000,1.0
1747173180000,1.0
1747173240000,1.0
1747173300000,1.0
1747173360000,1.0
1747173420000,1.0
1747173480000,1.0
1747173540000,1.0
1747173600000,1.0
1747173660000,1.0
1747173720000,1.0
1747173780000,1.0
1747173840000,1.0
1747173900000,1.0
1747173960000,1.0
1747174020000,1.0
1747174080000,1.0
1747174140000,1.0
1747174200000,1.0
1747174260000,1.0
1747174320000,1.0
1747174380000,1.0
1747174440000,1.0
1747174500000,1.0
1747174560000,1.0
1747174620000,1.0
1747174680000,1.0
1747174740000,1.0
1747174800000,1.0
1747174860000,1.0
1747174920000,1.0
1747174980000,1.0
1747175040000,1.0
1747175100000,1.0
1747175160000,1.0
1747175220000,1.0
1747175280000,1.0
1747175340000,1.0
1747175400000,1.0
1747175460000,1.0
1747175520000,1.0
1747175580000,1.0
1747175640000,1.0
1747175700000,1.0
1747175760000,1.0
1747175820000,1.0
1747175880000,1.0
1747175940000,1.0
1747176000000,0.9983
1747176060000,1.0
1747176120000,1.0
1747176180000,1.0
1747176240000,1.0
1747176300000,1.0
1747176360000,1.0
1747176420000,1.0
1747176480000,1.0
1747176540000,1.0
1747176600000,1.0
1747176660000,1.0
1747176720000,1.0
1747176780000,1.0
1747176840000,1.0
1747176900000,1.0
1747176960000,1.0
1747177020000,1.0
1747177080000,1.0
1747177140000,1.0
1747177200000,1.0
1747177260000,1.0
1747177320000,1.0
1747177380000,1.0
1747177440000,1.0
1747177500000,1.0
1747177560000,1.0
1747177620000,1.0
1747177680000,1.0
1747177740000,1.0
1747177800000,1.0
1747177860000,1.0
1747177920000,1.0
1747177980000,1.0
1747178040000,1.0
1747178100000,1.0
1747178160000,1.0
1747178220000,1.0
1747178280000,1.0
1747178340000,1.0
1747178400000,1.0
1747178460000,1.0
1747178520000,1.0
1747178580000,1.0
1747178640000,1.0
1747178700000,1.0
1747178760000,1.0
1747178820000,1.0
1747178880000,1.0
1747178940000,1.0
1747179000000,0.9995
1747179060000,1.0
1747179120000,1.0
1747179180000,1.0
1747179240000,1.0
1747179300000,1.0
1747179360000,1.0
1747179420000,1.0
1747179480000,1.0
1747179540000,1.0
1747179600000,1.0
1747179660000,1.0
1747179720000,1.0
1747179780000,1.0
1747179840000,1.0
1747179900000,1.0
1747179960000,1.0
1747180020000,1.0
1747180080000,1.0
1747180140000,1.0
1747180200000,1.0
1747180260000,1.0
1747180320000,1.0
1747180380000,1.0
1747180440000,1.0
1747180500000,1.0
1747180560000,1.0
1747180620000,1.0
1747180680000,1.0
1747180740000,1.0
1747180800000,1.0
1747180860000,1.0
1747180920000,1.0
1747180980000,1.0
1747181040000,1.0
1747181100000,1.0
1747181160000,1.0
1747181220000,1.0
1747181280000,1.0
1747181340000,1.0
1747181400000,1.0
1747181460000,1.0
1747181520000,1.0
1747181580000,1.0
1747181640000,1.0
1747181700000,1.0
1747181760000,1.0
1747181820000,1.0
1747181880000,1.0
1747181940000,1.0
1747182000000,1.0
1747182060000,1.0
1747182120000,1.0
1747182180000,1.0
1747182240000,1.0
1747182300000,1.0
1747182360000,1.0
1747182420000,1.0
1747182480000,1.0
1747182540000,1.0
1747182600000,1.0
1747182660000,1.0
1747182720000,1.0
1747182780000,1.0
1747182840000,1.0
1747182900000,1.0
1747182960000,1.0
1747183020000,1.0
1747183080000,1.0
1747183140000,1.0
1747183200000,1.0
1747183260000,1.0
1747183320000,1.0
1747183380000,1.0
1747183440000,1.0
1747183500000,1.0
1747183560000,1.0
1747183620000,1.0
1747183680000,1.0
1747183740000,1.0
1747183800000,1.0
1747183860000,1.0
1747183920000,1.0
1747183980000,1.0
1747184040000,1.0
1747184100000,1.0
1747184160000,1.0
1747184220000,1.0
1747184280000,1.0
1747184340000,1.0
1747184400000,1.0
1747184460000,1.0
1747184520000,1.0
1747184580000,1.0
1747184640000,1.0
1747184700000,1.0
1747184760000,1.0
1747184820000,1.0
1747184880000,1.0
1747184940000,1.0
1747185000000,1.0
1747185060000,1.0
1747185120000,1.0
1747185180000,1.0
1747185240000,1.0
1747185300000,1.0
1747185360000,1.0
1747185420000,1.0
1747185480000,1.0
1747185540000,1.0
1747185600000,1.0
1747185660000,1.0
1747185720000,1.0
1747185780000,1.0
1747185840000,1.0
1747185900000,1.0
1747185960000,0.9999
1747186020000,1.0
1747186080000,1.0
1747186140000,1.0
1747186200000,1.0
1747186260000,1.0
1747186320000,1.0
1747186380000,1.0
1747186440000,1.0
1747186500000,1.0
1747186560000,1.0
1747186620000,1.0
1747186680000,1.0
1747186740000,1.0
1747186800000,1.0
1747186860000,1.0
1747186920000,1.0
1747186980000,1.0
1747187040000,1.0
1747187100000,1.0
1747187160000,1.0
1747187220000,1.0
1747187280000,1.0
1747187340000,1.0
1747187400000,0.9999
1747187460000,1.0
1747187520000,1.0
1747187580000,1.0
1747187640000,1.0
1747187700000,1.0
1747187760000,1.0
1747187820000,1.0
1747187880000,1.0
1747187940000,1.0
1747188000000,1.0
1747188060000,1.0
1747188120000,1.0
1747188180000,1.0
1747188240000,1.0
1747188300000,1.0
1747188360000,1.0
1747188420000,1.0
1747188480000,1.0
1747188540000,1.0
1747188600000,1.0
1747188660000,1.0
1747188720000,1.0
1747188780000,1.0
1747188840000,1.0
1747188900000,1.0
1747188960000,1.0
1747189020000,1.0
1747189080000,1.0
1747189140000,1.0
1747189200000,1.0
1747189260000,0.9999
1747189320000,1.0
1747189380000,1.0
1747189440000,1.0
1747189500000,1.0
1747189560000,1.0
1747189620000,1.0
1747189680000,1.0
1747189740000,1.0
1747189800000,1.0
1747189860000,1.0
1747189920000,1.0
1747189980000,1.0
1747190040000,1.0
1747190100000,1.0
1747190160000,1.0
1747190220000,1.0
1747190280000,1.0
1747190340000,1.0
1747190400000,1.0
1747190460000,1.0
1747190520000,1.0
1747190580000,1.0
1747190640000,1.0
1747190700000,1.0
1747190760000,1.0
1747190820000,1.0
1747190880000,1.0
1747190940000,1.0
1747191000000,1.0
1747191060000,1.0
1747191120000,1.0
1747191180000,1.0
1747191240000,1.0
1747191300000,1.0
1747191360000,1.0
1747191420000,0.9999
1747191480000,1.0
1747191540000,1.0
1747191600000,1.0
1747191660000,1.0
1747191720000,1.0
1747191780000,1.0
1747191840000,1.0
1747191900000,1.0
1747191960000,1.0
1747192020000,1.0
1747192080000,0.9999
1747192140000,1.0
1747192200000,1.0
1747192260000,1.0
1747192320000,1.0
1747192380000,1.0
1747192440000,1.0
1747192500000,1.0
1747192560000,1.0
1747192620000,1.0
1747192680000,1.0
1747192740000,1.0
1747192800000,1.0
1747192860000,1.0
1747192920000,1.0
1747192980000,1.0
1747193040000,1.0
1747193100000,1.0
1747193160000,1.0
1747193220000,1.0
1747193280000,1.0
1747193340000,1.0
1747193400000,1.0
1747193460000,1.0
1747193520000,1.0
1747193580000,1.0
1747193640000,1.0
1747193700000,1.0
1747193760000,1.0
1747193820000,1.0
1747193880000,1.0
1747193940000,1.0
1747194000000,1.0
1747194060000,1.0
1747194120000,1.0
1747194180000,1.0
1747194240000,1.0
1747194300000,1.0
1747194360000,1.0
1747194420000,1.0
1747194480000,1.0
1747194540000,1.0
1747194600000,1.0
1747194660000,1.0
1747194720000,1.0
1747194780000,1.0
1747194840000,1.0
1747194900000,1.0
1747194960000,1.0
1747195020000,1.0
1747195080000,1.0
1747195140000,1.0
1747195200000,0.9998
1747195260000,1.0
1747195320000,1.0
1747195380000,1.0
1747195440000,1.0
1747195500000,1.0
1747195560000,1.0
1747195620000,1.0
1747195680000,1.0
1747195740000,1.0
1747195800000,1.0
1747195860000,1.0
1747195920000,1.0
1747195980000,1.0
1747196040000,1.0
1747196100000,1.0
1747196160000,1.0
1747196220000,1.0
1747196280000,1.0
1747196340000,1.0
1747196400000,1.0
1747196460000,1.0
1747196520000,1.0
1747196580000,1.0
1747196640000,1.0
1747196700000,1.0
1747196760000,1.0
1747196820000,1.0
1747196880000,1.0
1747196940000,1.0
1747197000000,1.0
1747197060000,1.0
1747197120000,1.0
1747197180000,1.0
1747197240000,1.0
1747197300000,1.0
1747197360000,1.0
1747197420000,1.0
1747197480000,1.0
1747197540000,1.0
1747197600000,1.0
1747197660000,1.0
1747197720000,1.0
1747197780000,1.0
1747197840000,1.0
1747197900000,1.0
1747197960000,1.0
1747198020000,1.0
1747198080000,1.0
1747198140000,1.0
1747198200000,1.0
1747198260000,1.0
1747198320000,1.0
1747198380000,1.0
1747198440000,1.0
1747198500000,1.0
1747198560000,1.0
1747198620000,1.0
1747198680000,1.0
1747198740000,1.0
1747198800000,1.0
1747198860000,1.0
1747198920000,1.0
1747198980000,1.0
1747199040000,1.0
1747199100000,1.0
1747199160000,1.0
1747199220000,1.0
1747199280000,1.0
1747199340000,1.0
1747199400000,1.0
1747199460000,1.0
1747199520000,1.0
1747199580000,1.0
1747199640000,1.0
1747199700000,1.0
1747199760000,1.0
1747199820000,1.0
1747199880000,1.0
1747199940000,1.0
1747200000000,1.0
1747200060000,1.0
1747200120000,1.0
1747200180000,1.0
1747200240000,1.0
1747200300000,1.0
1747200360000,1.0
1747200420000,1.0
1747200480000,1.0
1747200540000,1.0
1747200600000,1.0
1747200660000,1.0
1747200720000,1.0
1747200780000,1.0
1747200840000,1.0
1747200900000,1.0
1747200960000,1.0
1747201020000,1.0
1747201080000,1.0
1747201140000,1.0
1747201200000,1.0
1747201260000,1.0
1747201320000,1.0
1747201380000,1.0
1747201440000,1.0
1747201500000,1.0
1747201560000,1.0
1747201620000,1.0
1747201680000,1.0
1747201740000,1.0
1747201800000,1.0
1747201860000,1.0
1747201920000,1.0
1747201980000,1.0
1747202040000,1.0
1747202100000,1.0
1747202160000,1.0
1747202220000,1.0
1747202280000,1.0
1747202340000,1.0
1747202400000,1.0
1747202460000,1.0
1747202520000,1.0
1747202580000,1.0
1747202640000,1.0
1747202700000,1.0
1747202760000,1.0
1747202820000,1.0
1747202880000,1.0
1747202940000,1.0
1747203000000,1.0
1747203060000,1.0
1747203120000,1.0
1747203180000,1.0
1747203240000,1.0
1747203300000,1.0
1747203360000,1.0
1747203420000,1.0
1747203480000,1.0
1747203540000,1.0
1747203600000,1.0
1747203660000,1.0
1747203720000,1.0
1747203780000,1.0
1747203840000,1.0
1747203900000,1.0
1747203960000,1.0
1747204020000,1.0
1747204080000,1.0
1747204140000,1.0
1747204200000,1.0
1747204260000,1.0
1747204320000,1.0
1747204380000,1.0
1747204440000,1.0
1747204500000,1.0
1747204560000,1.0
1747204620000,1.0
1747204680000,1.0
1747204740000,1.0
1747204800000,1.0
1747204860000,1.0
1747204920000,1.0
1747204980000,1.0
1747205040000,1.0
1747205100000,1.0
1747205160000,1.0
1747205220000,1.0
1747205280000,1.0
1747205340000,1.0
1747205400000,0.9998
1747205460000,1.0
1747205520000,1.0
1747205580000,1.0
1747205640000,1.0
1747205700000,1.0
1747205760000,1.0
1747205820000,1.0
1747205880000,1.0
1747205940000,1.0
1747206000000,1.0
1747206060000,1.0
1747206120000,1.0
1747206180000,1.0
1747206240000,1.0
1747206300000,1.0
1747206360000,1.0
1747206420000,1.0
1747206480000,1.0
1747206540000,1.0
1747206600000,1.0
1747206660000,1.0
1747206720000,1.0
1747206780000,1.0
1747206840000,1.0
1747206900000,1.0
1747206960000,1.0
1747207020000,1.0
1747207080000,1.0
1747207140000,1.0
1747207200000,1.0
1747207260000,1.0
1747207320000,1.0
1747207380000,1.0
1747207440000,1.0
1747207500000,1.0
1747207560000,1.0
1747207620000,0.9998
1747207680000,0.9998
1747207740000,1.0
1747207800000,1.0
1747207860000,1.0
1747207920000,1.0
1747207980000,1.0
1747208040000,1.0
1747208100000,1.0
1747208160000,1.0
1747208220000,1.0
1747208280000,1.0
1747208340000,1.0
1747208400000,1.0
1747208460000,1.0
1747208520000,0.9999
1747208580000,1.0
1747208640000,1.0
1747208700000,1.0
1747208760000,1.0
1747208820000,1.0
1747208880000,1.0
1747208940000,1.0
1747209000000,1.0
1747209060000,1.0
1747209120000,1.0
1747209180000,1.0
1747209240000,1.0
1747209300000,1.0
1747209360000,1.0
1747209420000,1.0
1747209480000,1.0
1747209540000,1.0
1747209600000,1.0
1747209660000,1.0
1747209720000,1.0
1747209780000,1.0
1747209840000,1.0
1747209900000,1.0
1747209960000,1.0
1747210020000,1.0
1747210080000,1.0
1747210140000,1.0
1747210200000,1.0
1747210260000,1.0
1747210320000,1.0
1747210380000,1.0
1747210440000,1.0
1747210500000,1.0
1747210560000,1.0
1747210620000,1.0
1747210680000,1.0
1747210740000,1.0
1747210800000,1.0
1747210860000,1.0
1747210920000,1.0
1747210980000,1.0
1747211040000,1.0
1747211100000,1.0
1747211160000,0.9999
1747211220000,0.9999
1747211280000,1.0
1747211340000,1.0
1747211400000,1.0
1747211460000,1.0
1747211520000,1.0
1747211580000,1.0
1747211640000,1.0
1747211700000,0.9998
1747211760000,1.0
1747211820000,1.0
1747211880000,1.0
1747211940000,1.0
1747212000000,1.0
1747212060000,0.9999
1747212120000,0.9999
1747212180000,0.9999
1747212240000,1.0
1747212300000,1.0
1747212360000,1.0
1747212420000,1.0
1747212480000,1.0
1747212540000,1.0
1747212600000,1.0
1747212660000,1.0
1747212720000,1.0
1747212780000,1.0
1747212840000,1.0
1747212900000,1.0
1747212960000,1.0
1747213020000,1.0
1747213080000,1.0
1747213140000,1.0
1747213200000,1.0
1747213260000,1.0
1747213320000,1.0
1747213380000,1.0
1747213440000,1.0
1747213500000,1.0
1747213560000,1.0
1747213620000,1.0
1747213680000,1.0
1747213740000,1.0
1747213800000,1.0
1747213860000,1.0
1747213920000,1.0
1747213980000,1.0
1747214040000,1.0
1747214100000,1.0
1747214160000,0.9999
1747214220000,1.0
1747214280000,1.0
1747214340000,1.0
1747214400000,1.0
1747214460000,1.0
1747214520000,1.0
1747214580000,1.0
1747214640000,1.0
1747214700000,1.0
1747214760000,1.0
1747214820000,1.0
1747214880000,1.0
1747214940000,1.0
1747215000000,1.0
1747215060000,0.9999
1747215120000,1.0
1747215180000,1.0
1747215240000,1.0
1747215300000,1.0
1747215360000,1.0
1747215420000,1.0
1747215480000,1.0
1747215540000,1.0
1747215600000,1.0
1747215660000,1.0
1747215720000,1.0
1747215780000,1.0
1747215840000,1.0
1747215900000,1.0
1747215960000,1.0
1747216020000,1.0
1747216080000,1.0
1747216140000,1.0
1747216200000,1.0
1747216260000,1.0
1747216320000,1.0
1747216380000,1.0
1747216440000,0.9998
1747216500000,1.0
1747216560000,1.0
1747216620000,1.0
1747216680000,1.0
1747216740000,0.9999
1747216800000,1.0
1747216860000,1.0
1747216920000,1.0
1747216980000,1.0
1747217040000,1.0
1747217100000,1.0
1747217160000,1.0
1747217220000,1.0
1747217280000,1.0
1747217340000,1.0
1747217400000,1.0
1747217460000,1.0
1747217520000,1.0
1747217580000,1.0
1747217640000,0.9999
1747217700000,1.0
1747217760000,1.0
1747217820000,1.0
1747217880000,1.0
1747217940000,1.0
1747218000000,0.9999
1747218060000,1.0
1747218120000,1.0
1747218180000,1.0
1747218240000,1.0
1747218300000,1.0
1747218360000,1.0
1747218420000,1.0
1747218480000,1.0
1747218540000,1.0
1747218600000,1.0
1747218660000,1.0
1747218720000,1.0
1747218780000,1.0
1747218840000,1.0
1747218900000,1.0
1747218960000,1.0
1747219020000,1.0
1747219080000,1.0
1747219140000,1.0
1747219200000,1.0
1747219260000,1.0
1747219320000,1.0
1747219380000,1.0
1747219440000,1.0
1747219500000,1.0
1747219560000,1.0
1747219620000,1.0
1747219680000,1.0
1747219740000,1.0
1747219800000,1.0
1747219860000,1.0
1747219920000,1.0
1747219980000,1.0
1747220040000,1.0
1747220100000,1.0
1747220160000,1.0
1747220220000,1.0
1747220280000,1.0
1747220340000,1.0
1747220400000,1.0
1747220460000,1.0
1747220520000,1.0
1747220580000,1.0
1747220640000,1.0
1747220700000,1.0
1747220760000,1.0
1747220820000,1.0
1747220880000,1.0
1747220940000,1.0
1747221000000,1.0
1747221060000,1.0
1747221120000,1.0
1747221180000,1.0
1747221240000,1.0
1747221300000,1.0
1747221360000,1.0
1747221420000,1.0
1747221480000,1.0
1747221540000,1.0
1747221600000,1.0
1747221660000,1.0
1747221720000,1.0
1747221780000,1.0
1747221840000,1.0
1747221900000,1.0
1747221960000,1.0
1747222020000,1.0
1747222080000,1.0
1747222140000,1.0
1747222200000,1.0
1747222260000,1.0
1747222320000,1.0
1747222380000,1.0
1747222440000,1.0
1747222500000,1.0
1747222560000,1.0
1747222620000,1.0
1747222680000,1.0
1747222740000,1.0
1747222800000,1.0
1747222860000,1.0
1747222920000,1.0
1747222980000,0.9999
1747223040000,1.0
1747223100000,1.0
1747223160000,1.0
1747223220000,1.0
1747223280000,1.0
1747223340000,1.0
1747223400000,1.0
1747223460000,1.0
1747223520000,1.0
1747223580000,1.0
1747223640000,1.0
1747223700000,1.0
1747223760000,1.0
1747223820000,1.0
1747223880000,1.0
1747223940000,1.0
1747224000000,1.0
1747224060000,1.0
1747224120000,1.0
1747224180000,1.0
1747224240000,1.0
1747224300000,1.0
1747224360000,1.0
1747224420000,1.0
1747224480000,1.0
1747224540000,1.0
1747224600000,1.0
1747224660000,1.0
1747224720000,1.0
1747224780000,1.0
1747224840000,1.0
1747224900000,0.9997
1747224960000,1.0
1747225020000,1.0
1747225080000,1.0
1747225140000,1.0
1747225200000,1.0
1747225260000,1.0
1747225320000,1.0
1747225380000,1.0
1747225440000,1.0
1747225500000,1.0
1747225560000,1.0
1747225620000,1.0
1747225680000,1.0
1747225740000,1.0
1747225800000,1.0
1747225860000,1.0
1747225920000,1.0
1747225980000,1.0
1747226040000,1.0
1747226100000,1.0
1747226160000,1.0
1747226220000,1.0
1747226280000,1.0
1747226340000,1.0
1747226400000,1.0
1747226460000,1.0
1747226520000,1.0
1747226580000,1.0
1747226640000,1.0
1747226700000,0.9998
1747226760000,1.0
1747226820000,1.0
1747226880000,1.0
1747226940000,1.0
1747227000000,1.0
1747227060000,1.0
1747227120000,1.0
1747227180000,1.0
1747227240000,1.0
1747227300000,1.0
1747227360000,0.9998
1747227420000,0.9998
1747227480000,1.0
1747227540000,1.0
1747227600000,1.0
1747227660000,1.0
1747227720000,1.0
1747227780000,1.0
1747227840000,1.0
1747227900000,1.0
1747227960000,1.0
1747228020000,1.0
1747228080000,1.0
1747228140000,1.0
1747228200000,1.0
1747228260000,1.0
1747228320000,1.0
1747228380000,1.0
1747228440000,1.0
1747228500000,1.0
1747228560000,1.0
1747228620000,1.0
1747228680000,1.0
1747228740000,1.0
1747228800000,1.0
1747228860000,1.0
1747228920000,1.0
1747228980000,1.0
1747229040000,1.0
1747229100000,1.0
1747229160000,1.0
1747229220000,1.0
1747229280000,1.0
1747229340000,1.0
1747229400000,1.0
1747229460000,1.0
1747229520000,1.0
1747229580000,1.0
1747229640000,1.0
1747229700000,1.0
1747229760000,1.0
1747229820000,1.0
1747229880000,1.0
1747229940000,1.0
1747230000000,1.0
1747230060000,1.0
1747230120000,1.0
1747230180000,1.0
1747230240000,1.0
1747230300000,1.0
1747230360000,1.0
1747230420000,1.0
1747230480000,1.0
1747230540000,1.0
1747230600000,1.0
1747230660000,1.0
1747230720000,1.0
1747230780000,1.0
1747230840000,1.0
1747230900000,1.0
1747230960000,1.0
1747231020000,1.0
1747231080000,1.0
1747231140000,1.0
1747231200000,1.0
1747231260000,1.0
1747231320000,1.0
1747231380000,1.0
1747231440000,1.0
1747231500000,1.0
1747231560000,1.0
1747231620000,1.0
1747231680000,1.0
1747231740000,1.0
1747231800000,1.0
1747231860000,1.0
1747231920000,1.0
1747231980000,1.0
1747232040000,1.0
1747232100000,1.0
1747232160000,1.0
1747232220000,1.0
1747232280000,1.0
1747232340000,1.0
1747232400000,1.0
1747232460000,1.0
1747232520000,1.0
1747232580000,1.0
1747232640000,1.0
1747232700000,1.0
1747232760000,1.0
1747232820000,1.0
1747232880000,1.0
1747232940000,1.0
1747233000000,1.0
1747233060000,1.0
1747233120000,1.0
1747233180000,1.0
1747233240000,1.0
1747233300000,1.0
1747233360000,1.0
1747233420000,1.0
1747233480000,1.0
1747233540000,1.0
1747233600000,1.0
1747233660000,1.0
1747233720000,1.0
1747233780000,1.0
1747233840000,1.0
1747233900000,1.0
1747233960000,1.0
1747234020000,1.0
1747234080000,1.0
1747234140000,1.0
1747234200000,1.0
1747234260000,1.0
1747234320000,1.0
1747234380000,1.0
1747234440000,1.0
1747234500000,1.0
1747234560000,1.0
1747234620000,1.0
1747234680000,1.0
1747234740000,1.0
1747234800000,1.0
1747234860000,1.0
1747234920000,1.0
1747234980000,1.0
1747235040000,1.0
1747235100000,1.0
1747235160000,1.0
1747235220000,1.0
1747235280000,1.0
1747235340000,1.0
1747235400000,1.0
1747235460000,1.0
1747235520000,1.0
1747235580000,1.0
1747235640000,1.0
1747235700000,1.0
1747235760000,1.0
1747235820000,1.0
1747235880000,1.0
1747235940000,1.0
1747236000000,1.0
1747236060000,1.0
1747236120000,1.0
1747236180000,1.0
1747236240000,1.0
1747236300000,1.0
1747236360000,1.0
1747236420000,1.0
1747236480000,1.0
1747236540000,1.0
1747236600000,1.0
1747236660000,1.0
1747236720000,1.0
1747236780000,1.0
1747236840000,1.0
1747236900000,1.0
1747236960000,1.0
1747237020000,1.0
1747237080000,1.0
1747237140000,1.0
1747237200000,1.0
1747237260000,1.0
1747237320000,1.0
1747237380000,1.0
1747237440000,1.0
1747237500000,1.0
1747237560000,1.0
1747237620000,1.0
1747237680000,1.0
1747237740000,1.0
1747237800000,1.0
1747237860000,1.0
1747237920000,1.0
1747237980000,1.0
1747238040000,1.0
1747238100000,1.0
1747238160000,1.0
1747238220000,1.0
1747238280000,1.0
1747238340000,1.0
1747238400000,0.9974
1747238460000,1.0
1747238520000,1.0
1747238580000,1.0
1747238640000,1.0
1747238700000,1.0
1747238760000,1.0
1747238820000,1.0
1747238880000,1.0
1747238940000,1.0
1747239000000,1.0
1747239060000,1.0
1747239120000,1.0
1747239180000,1.0
1747239240000,1.0
1747239300000,1.0
1747239360000,1.0
1747239420000,1.0
1747239480000,1.0
1747239540000,1.0
1747239600000,1.0
1747239660000,1.0
1747239720000,1.0
1747239780000,1.0
1747239840000,1.0
1747239900000,1.0
1747239960000,1.0
1747240020000,1.0
1747240080000,1.0
1747240140000,1.0
1747240200000,1.0
1747240260000,1.0
1747240320000,1.0
1747240380000,1.0
1747240440000,1.0
1747240500000,1.0
1747240560000,1.0
1747240620000,1.0
1747240680000,1.0
1747240740000,1.0
1747240800000,1.0
1747240860000,1.0
1747240920000,1.0
1747240980000,1.0
1747241040000,1.0
1747241100000,1.0
1747241160000,1.0
1747241220000,1.0
1747241280000,1.0
1747241340000,1.0
1747241400000,1.0
1747241460000,1.0
1747241520000,1.0
1747241580000,1.0
1747241640000,1.0
1747241700000,1.0
1747241760000,1.0
1747241820000,1.0
1747241880000,1.0
1747241940000,1.0
1747242000000,1.0
1747242060000,1.0
1747242120000,1.0
1747242180000,1.0
1747242240000,1.0
1747242300000,1.0
1747242360000,1.0
1747242420000,1.0
1747242480000,1.0
1747242540000,1.0
1747242600000,1.0
1747242660000,1.0
1747242720000,1.0
1747242780000,1.0
1747242840000,1.0
1747242900000,1.0
1747242960000,1.0
1747243020000,1.0
1747243080000,1.0
1747243140000,1.0
1747243200000,1.0
1747243260000,1.0
1747243320000,1.0
1747243380000,1.0
1747243440000,1.0
1747243500000,1.0
1747243560000,1.0
1747243620000,1.0
1747243680000,1.0
1747243740000,1.0
1747243800000,1.0
1747243860000,1.0
1747243920000,1.0
1747243980000,1.0
1747244040000,1.0
1747244100000,1.0
1747244160000,1.0
1747244220000,1.0
1747244280000,1.0
1747244340000,1.0
1747244400000,1.0
1747244460000,1.0
1747244520000,1.0
1747244580000,1.0
1747244640000,1.0
1747244700000,1.0
1747244760000,1.0
1747244820000,1.0
1747244880000,1.0
1747244940000,1.0
1747245000000,1.0
1747245060000,1.0
1747245120000,1.0
1747245180000,1.0
1747245240000,1.0
1747245300000,1.0
1747245360000,1.0
1747245420000,1.0
1747245480000,1.0
1747245540000,1.0
1747245600000,1.0
1747245660000,1.0
1747245720000,1.0
1747245780000,1.0
1747245840000,1.0
1747245900000,1.0
1747245960000,1.0
1747246020000,1.0
1747246080000,1.0
1747246140000,1.0
1747246200000,1.0
1747246260000,1.0
1747246320000,1.0
1747246380000,1.0
1747246440000,1.0
1747246500000,1.0
1747246560000,1.0
1747246620000,1.0
1747246680000,1.0
1747246740000,1.0
1747246800000,1.0
1747246860000,1.0
1747246920000,1.0
1747246980000,1.0
1747247040000,1.0
1747247100000,1.0
1747247160000,1.0
1747247220000,1.0
1747247280000,1.0
1747247340000,1.0
1747247400000,1.0
1747247460000,1.0
1747247520000,1.0
1747247580000,1.0
1747247640000,1.0
1747247700000,1.0
1747247760000,1.0
1747247820000,1.0
1747247880000,1.0
1747247940000,1.0
1747248000000,1.0
1747248060000,1.0
1747248120000,1.0
1747248180000,1.0
1747248240000,1.0
1747248300000,1.0
1747248360000,1.0
1747248420000,1.0
1747248480000,1.0
1747248540000,1.0
1747248600000,1.0
1747248660000,1.0
1747248720000,1.0
1747248780000,1.0
1747248840000,1.0
1747248900000,1.0
1747248960000,1.0
1747249020000,1.0
1747249080000,1.0
1747249140000,1.0
1747249200000,1.0
1747249260000,1.0
1747249320000,1.0
1747249380000,1.0
1747249440000,1.0
1747249500000,1.0
1747249560000,1.0
1747249620000,1.0
1747249680000,1.0
1747249740000,1.0
1747249800000,1.0
1747249860000,1.0
1747249920000,1.0
1747249980000,1.0
1747250040000,1.0
1747250100000,1.0
1747250160000,1.0
1747250220000,1.0
1747250280000,1.0
1747250340000,1.0
1747250400000,1.0
1747250460000,1.0
1747250520000,1.0
1747250580000,1.0
1747250640000,1.0
1747250700000,1.0
1747250760000,1.0
1747250820000,1.0
1747250880000,1.0
1747250940000,1.0
1747251000000,1.0
1747251060000,1.0
1747251120000,1.0
1747251180000,1.0
1747251240000,1.0
1747251300000,1.0
1747251360000,1.0
1747251420000,1.0
1747251480000,1.0
1747251540000,1.0
1747251600000,1.0
1747251660000,1.0
1747251720000,1.0
1747251780000,1.0
1747251840000,1.0
1747251900000,1.0
1747251960000,1.0
1747252020000,1.0
1747252080000,1.0
1747252140000,1.0
1747252200000,1.0
1747252260000,1.0
1747252320000,1.0
1747252380000,1.0
1747252440000,1.0
1747252500000,1.0
1747252560000,1.0
1747252620000,1.0
1747252680000,1.0
1747252740000,1.0
1747252800000,1.0
1747252860000,1.0
1747252920000,1.0
1747252980000,1.0
1747253040000,1.0
1747253100000,1.0
1747253160000,1.0
1747253280000,1.0
1747253340000,1.0
1747253400000,1.0
1747253460000,1.0
1747253520000,1.0
1747253580000,1.0
1747253640000,1.0
1747253700000,1.0
1747253760000,1.0
1747253820000,1.0
1747253880000,1.0
1747253940000,1.0
1747254000000,1.0
1747254060000,1.0
1747254120000,1.0
1747254180000,1.0
1747254240000,1.0
1747254300000,1.0
1747254360000,1.0
1747254420000,1.0
1747254480000,1.0
1747254540000,0.9737
1747254600000,1.0
1747254660000,1.0
1747254720000,1.0
1747254780000,1.0
1747254840000,1.0
1747254900000,1.0
1747254960000,1.0
1747255020000,1.0
1747255080000,1.0
1747255140000,1.0
1747255200000,1.0
1747255260000,1.0
1747255320000,1.0
1747255380000,1.0
1747255440000,1.0
1747255500000,1.0
1747255560000,1.0
1747255620000,1.0
1747255680000,1.0
1747255740000,1.0
1747255800000,1.0
1747255860000,1.0
1747255920000,1.0
1747255980000,1.0
1747256040000,1.0
1747256100000,1.0
1747256160000,1.0
1747256220000,1.0
1747256280000,1.0
1747256340000,1.0
1747256400000,1.0
1747256460000,1.0
1747256520000,1.0
1747256580000,1.0
1747256640000,1.0
1747256700000,1.0
1747256760000,1.0
1747256820000,1.0
1747256880000,1.0
1747256940000,1.0
1747257000000,1.0
1747257060000,1.0
1747257120000,1.0
1747257180000,1.0
1747257240000,1.0
1747257300000,1.0
1747257360000,1.0
1747257420000,1.0
1747257480000,1.0
1747257540000,1.0
1747257600000,1.0
1747257660000,1.0
1747257720000,1.0
1747257780000,1.0
1747257840000,1.0
1747257900000,1.0
1747257960000,1.0
1747258020000,1.0
1747258080000,1.0
1747258140000,0.9949
1747258200000,1.0
1747258260000,1.0
1747258320000,1.0
1747258380000,1.0
1747258440000,1.0
1747258500000,1.0
1747258560000,1.0
1747258620000,1.0
1747258680000,1.0
1747258740000,1.0
1747258800000,1.0
1747258860000,1.0
1747258920000,1.0
1747258980000,1.0
1747259040000,1.0
1747259100000,1.0
1747259160000,1.0
1747259220000,1.0
1747259280000,1.0
1747259340000,1.0
1747259400000,1.0
1747259460000,1.0
1747259520000,1.0
1747259580000,1.0
1747259640000,1.0
1747259700000,1.0
1747259760000,1.0
1747259820000,1.0
1747259880000,1.0
1747259940000,1.0
1747260000000,1.0
1747260060000,1.0
1747260120000,1.0
1747260180000,1.0
1747260240000,1.0
1747260300000,1.0
1747260360000,1.0
1747260420000,1.0
1747260480000,1.0
1747260540000,1.0
1747260600000,1.0
1747260660000,0.9977
1747260720000,1.0
1747260780000,1.0
1747260840000,1.0
1747260900000,1.0
1747260960000,1.0
1747261020000,1.0
1747261080000,1.0
1747261140000,1.0
1747261200000,1.0
1747261260000,1.0
1747261320000,1.0
1747261380000,1.0
1747261440000,1.0
1747261500000,1.0
1747261560000,1.0
1747261620000,1.0
1747261680000,1.0
1747261740000,1.0
1747261800000,1.0
1747261860000,1.0
1747261920000,1.0
1747261980000,1.0
1747262040000,1.0
1747262100000,1.0
1747262160000,1.0
1747262220000,1.0
1747262280000,1.0
1747262340000,1.0
1747262400000,1.0
1747262460000,1.0
1747262520000,1.0
1747262580000,1.0
1747262640000,1.0
1747262700000,1.0
1747262760000,1.0
1747262820000,1.0
1747262880000,1.0
1747262940000,1.0
1747263000000,1.0
1747263060000,1.0
1747263120000,1.0
1747263180000,1.0
1747263240000,1.0
1747263300000,1.0
1747263360000,1.0
1747263420000,1.0
1747263480000,1.0
1747263540000,1.0
1747263600000,1.0
1747263660000,1.0
1747263720000,1.0
1747263780000,1.0
1747263840000,1.0
1747263900000,1.0
1747263960000,1.0
1747264020000,1.0
1747264080000,1.0
1747264140000,1.0
1747264200000,1.0
1747264260000,1.0
1747264320000,1.0
1747264380000,1.0
1747264440000,1.0
1747264500000,1.0
1747264560000,1.0
1747264620000,1.0
1747264680000,1.0
1747264740000,1.0
1747264800000,1.0
1747264860000,1.0
1747264920000,1.0
1747264980000,1.0
1747265040000,0.9994
1747265100000,1.0
1747265160000,1.0
1747265220000,1.0
1747265280000,1.0
1747265340000,1.0
1747265400000,1.0
1747265460000,1.0
1747265520000,1.0
1747265580000,1.0
1747265640000,1.0
1747265700000,1.0
1747265760000,1.0
1747265820000,1.0
1747265880000,1.0
1747265940000,1.0
1747266000000,1.0
1747266060000,1.0
1747266120000,1.0
1747266180000,1.0
1747266240000,1.0
1747266300000,1.0
1747266360000,1.0
1747266420000,1.0
1747266480000,1.0
1747266540000,1.0
1747266600000,1.0
1747266660000,1.0
1747266720000,1.0
1747266780000,1.0
1747266840000,1.0
1747266900000,1.0
1747266960000,1.0
1747267020000,1.0
1747267080000,1.0
1747267140000,1.0
1747267200000,1.0
1747267260000,1.0
1747267320000,1.0
1747267380000,1.0
1747267440000,1.0
1747267500000,1.0
1747267560000,1.0
1747267620000,1.0
1747267680000,1.0
1747267740000,1.0
1747267800000,1.0
1747267860000,1.0
1747267920000,1.0
1747267980000,1.0
1747268040000,1.0
1747268100000,1.0
1747268160000,1.0
1747268220000,1.0
1747268280000,1.0
1747268340000,1.0
1747268400000,1.0
1747268460000,1.0
1747268520000,1.0
1747268580000,1.0
1747268640000,1.0
1747268700000,1.0
1747268760000,1.0
1747268820000,1.0
1747268880000,1.0
1747268940000,1.0
1747269000000,1.0
1747269060000,1.0
1747269120000,1.0
1747269180000,1.0
1747269240000,0.9998
1747269300000,1.0
1747269360000,1.0
1747269420000,0.9999
1747269480000,1.0
1747269540000,1.0
1747269600000,1.0
1747269660000,1.0
1747269720000,1.0
1747269780000,1.0
1747269840000,0.9999
1747269900000,1.0
1747269960000,1.0
1747270020000,1.0
1747270080000,1.0
1747270140000,1.0
1747270200000,1.0
1747270260000,1.0
1747270320000,1.0
1747270380000,1.0
1747270440000,1.0
1747270500000,1.0
1747270560000,1.0
1747270620000,1.0
1747270680000,1.0
1747270740000,1.0
1747270800000,0.9999
1747270860000,1.0
1747270920000,1.0
1747270980000,1.0
1747271040000,1.0
1747271100000,1.0
1747271160000,1.0
1747271220000,1.0
1747271280000,1.0
1747271340000,1.0
1747271400000,1.0
1747271460000,1.0
1747271520000,1.0
1747271580000,1.0
1747271640000,1.0
1747271700000,1.0
1747271760000,0.9999
1747271820000,1.0
1747271880000,1.0
1747271940000,1.0
1747272000000,0.9999
1747272060000,1.0
1747272120000,1.0
1747272180000,1.0
1747272240000,1.0
1747272300000,1.0
1747272360000,1.0
1747272420000,1.0
1747272480000,1.0
1747272540000,1.0
1747272600000,1.0
1747272660000,1.0
1747272720000,1.0
1747272780000,1.0
1747272840000,1.0
1747272900000,1.0
1747272960000,1.0
1747273020000,1.0
1747273080000,1.0
1747273140000,1.0
1747273200000,1.0
1747273260000,1.0
1747273320000,1.0
1747273380000,0.9999
1747273440000,1.0
1747273500000,1.0
1747273560000,1.0
1747273620000,1.0
1747273680000,1.0
1747273740000,1.0
1747273800000,1.0
1747273860000,1.0
1747273920000,0.9999
1747273980000,1.0
1747274040000,1.0
1747274100000,1.0
1747274160000,0.9999
1747274220000,1.0
1747274280000,1.0
1747274340000,1.0
1747274400000,1.0
1747274460000,1.0
1747274520000,1.0
1747274580000,1.0
1747274640000,1.0
1747274700000,1.0
1747274760000,1.0
1747274820000,1.0
1747274880000,1.0
1747274940000,1.0
1747275000000,1.0
1747275060000,1.0
1747275120000,1.0
1747275180000,1.0
1747275240000,1.0
1747275300000,1.0
1747275360000,1.0
1747275420000,1.0
1747275480000,1.0
1747275540000,1.0
1747275600000,0.9999
1747275660000,1.0
1747275720000,1.0
1747275780000,1.0
1747275840000,1.0
1747275900000,1.0
1747275960000,1.0
1747276020000,1.0
1747276080000,1.0
1747276140000,1.0
1747276200000,1.0
1747276260000,1.0
1747276320000,1.0
1747276380000,1.0
1747276440000,1.0
1747276500000,1.0
1747276560000,1.0
1747276620000,1.0
1747276680000,1.0
1747276740000,1.0
1747276800000,1.0
1747276860000,1.0
1747276920000,1.0
1747276980000,1.0
1747277040000,1.0
1747277100000,1.0
1747277160000,1.0
1747277220000,1.0
1747277280000,1.0
1747277340000,1.0
1747277400000,1.0
1747277460000,1.0
1747277520000,0.9999
1747277580000,1.0
1747277640000,1.0
1747277700000,1.0
1747277760000,1.0
1747277820000,1.0
1747277880000,1.0
1747277940000,1.0
1747278000000,1.0
1747278060000,1.0
1747278120000,1.0
1747278180000,1.0
1747278240000,1.0
1747278300000,1.0
1747278360000,1.0
1747278420000,1.0
1747278480000,1.0
1747278540000,1.0
1747278600000,1.0
1747278660000,0.9999
1747278720000,1.0
1747278780000,1.0
1747278840000,1.0
1747278900000,1.0
1747278960000,1.0
1747279020000,1.0
1747279080000,0.9999
1747279140000,1.0
1747279200000,1.0
1747279260000,1.0
1747279320000,1.0
1747279380000,1.0
1747279440000,1.0
1747279500000,1.0
1747279560000,0.9999
1747279620000,1.0
1747279680000,1.0
1747279740000,1.0
1747279800000,1.0
1747279860000,1.0
1747279920000,1.0
1747279980000,1.0
1747280040000,1.0
1747280100000,1.0
1747280160000,1.0
1747280220000,1.0
1747280280000,1.0
1747280340000,1.0
1747280400000,1.0
1747280460000,1.0
1747280520000,1.0
1747280580000,1.0
1747280640000,1.0
1747280700000,1.0
1747280760000,0.9998
1747280820000,1.0
1747280880000,1.0
1747280940000,1.0
1747281000000,1.0
1747281060000,1.0
1747281120000,1.0
1747281180000,0.9999
1747281240000,1.0
1747281300000,1.0
1747281360000,1.0
1747281420000,1.0
1747281480000,1.0
1747281540000,0.9999
1747281600000,1.0
1747281660000,1.0
1747281720000,1.0
1747281780000,1.0
1747281840000,1.0
1747281900000,1.0
1747281960000,1.0
1747282020000,1.0
1747282080000,1.0
1747282140000,1.0
1747282200000,1.0
1747282260000,1.0
1747282320000,1.0
1747282380000,1.0
1747282440000,1.0
1747282500000,1.0
1747282560000,1.0
1747282620000,1.0
1747282680000,1.0
1747282740000,1.0
1747282800000,1.0
1747282860000,1.0
1747282920000,1.0
1747282980000,1.0
1747283040000,1.0
1747283100000,1.0
1747283160000,1.0
1747283220000,1.0
1747283280000,0.9998
1747283340000,0.9998
1747283400000,1.0
1747283460000,1.0
1747283520000,1.0
1747283580000,1.0
1747283640000,1.0
1747283700000,1.0
1747283760000,1.0
1747283820000,1.0
1747283880000,1.0
1747283940000,1.0
1747284000000,1.0
1747284060000,0.9998
1747284120000,1.0
1747284180000,0.9998
1747284240000,1.0
1747284300000,1.0
1747284360000,1.0
1747284420000,1.0
1747284480000,1.0
1747284540000,1.0
1747284600000,0.9998
1747284660000,1.0
1747284720000,1.0
1747284780000,1.0
1747284840000,1.0
1747284900000,1.0
1747284960000,1.0
1747285020000,1.0
1747285080000,1.0
1747285140000,1.0
1747285200000,1.0
1747285260000,1.0
1747285320000,1.0
1747285380000,1.0
1747285440000,0.9998
1747285500000,1.0
1747285560000,1.0
1747285620000,1.0
1747285680000,1.0
1747285740000,1.0
1747285800000,1.0
1747285860000,1.0
1747285920000,1.0
1747285980000,1.0
1747286040000,1.0
1747286100000,1.0
1747286160000,1.0
1747286220000,1.0
1747286280000,1.0
1747286340000,1.0
1747286400000,1.0
1747286460000,1.0
1747286520000,0.9998
1747286580000,1.0
1747286640000,1.0
1747286700000,1.0
1747286760000,1.0
1747286820000,1.0
1747286880000,1.0
1747286940000,1.0
1747287000000,1.0
1747287060000,1.0
1747287120000,1.0
1747287180000,1.0
1747287240000,1.0
1747287300000,1.0
1747287360000,1.0
1747287420000,1.0
1747287480000,1.0
1747287540000,1.0
1747287600000,1.0
1747287660000,1.0
1747287720000,0.9998
1747287780000,1.0
1747287840000,1.0
1747287900000,1.0
1747287960000,1.0
1747288020000,1.0
1747288080000,1.0
1747288140000,1.0
1747288200000,1.0
1747288260000,1.0
1747288320000,1.0
1747288380000,1.0
1747288440000,1.0
1747288500000,1.0
1747288560000,1.0
1747288620000,1.0
1747288680000,1.0
1747288740000,1.0
1747288800000,1.0
1747288860000,1.0
1747288920000,1.0
1747288980000,1.0
1747289040000,1.0
1747289100000,1.0
1747289160000,1.0
1747289220000,1.0
1747289280000,1.0
1747289340000,1.0
1747289400000,1.0
1747289460000,1.0
1747289520000,1.0
1747289580000,1.0
1747289640000,1.0
1747289700000,1.0
1747289760000,1.0
1747289820000,1.0
1747289880000,1.0
1747289940000,1.0
1747290000000,1.0
1747290060000,1.0
1747290120000,1.0
1747290180000,1.0
1747290240000,1.0
1747290300000,1.0
1747290360000,1.0
1747290420000,1.0
1747290480000,1.0
1747290540000,1.0
1747290600000,1.0
1747290660000,1.0
1747290720000,1.0
1747290780000,1.0
1747290840000,1.0
1747290900000,1.0
1747290960000,1.0
1747291020000,1.0
1747291080000,1.0
1747291140000,1.0
1747291200000,1.0
1747291260000,1.0
1747291320000,1.0
1747291380000,1.0
1747291440000,1.0
1747291500000,1.0
1747291560000,1.0
1747291620000,1.0
1747291680000,1.0
1747291740000,1.0
1747291800000,1.0
1747291860000,1.0
1747291920000,1.0
1747291980000,1.0
1747292040000,1.0
1747292100000,1.0
1747292160000,1.0
1747292220000,1.0
1747292280000,1.0
1747292340000,1.0
1747292400000,1.0
1747292460000,1.0
1747292520000,1.0
1747292580000,1.0
1747292640000,1.0
1747292700000,0.9998
1747292760000,1.0
1747292820000,1.0
1747292880000,1.0
1747292940000,1.0
1747293000000,1.0
1747293060000,1.0
1747293120000,1.0
1747293180000,1.0
1747293240000,1.0
1747293300000,1.0
1747293360000,1.0
1747293420000,1.0
1747293480000,1.0
1747293540000,1.0
1747293600000,1.0
1747293660000,1.0
1747293720000,0.9998
1747293780000,1.0
1747293840000,1.0
1747293900000,1.0
1747293960000,1.0
1747294020000,1.0
1747294080000,1.0
1747294140000,1.0
1747294200000,1.0
1747294260000,1.0
1747294320000,1.0
1747294380000,1.0
1747294440000,1.0
1747294500000,1.0
1747294560000,1.0
1747294620000,1.0
1747294680000,1.0
1747294740000,1.0
1747294800000,1.0
1747294860000,1.0
1747294920000,1.0
1747294980000,1.0
1747295040000,1.0
1747295100000,1.0
1747295160000,1.0
1747295220000,1.0
1747295280000,1.0
1747295340000,0.9999
1747295400000,1.0
1747295460000,1.0
1747295520000,1.0
1747295580000,1.0
1747295640000,1.0
1747295700000,1.0
1747295760000,1.0
1747295820000,1.0
1747295880000,1.0
1747295940000,1.0
1747296000000,1.0
1747296060000,1.0
1747296120000,1.0
1747296180000,1.0
1747296240000,1.0
1747296300000,1.0
1747296360000,1.0
1747296420000,1.0
1747296480000,1.0
1747296540000,1.0
1747296600000,1.0
1747296660000,1.0
1747296720000,1.0
1747296780000,1.0
1747296840000,1.0
1747296900000,1.0
1747296960000,1.0
1747297020000,1.0
1747297080000,1.0
1747297140000,1.0
1747297200000,1.0
1747297260000,1.0
1747297320000,1.0
1747297380000,1.0
1747297440000,1.0
1747297500000,1.0
1747297560000,1.0
1747297620000,1.0
1747297680000,1.0
1747297740000,1.0
1747297800000,1.0
1747297860000,1.0
1747297920000,1.0
1747297980000,1.0
1747298040000,1.0
1747298100000,1.0
1747298160000,0.9999
1747298220000,1.0
1747298280000,1.0
1747298340000,1.0
1747298400000,1.0
1747298460000,1.0
1747298520000,1.0
1747298580000,1.0
1747298640000,1.0
1747298700000,1.0
1747298760000,1.0
1747298820000,1.0
1747298880000,1.0
1747298940000,1.0
1747299000000,1.0
1747299060000,1.0
1747299120000,1.0
1747299180000,1.0
1747299240000,0.9999
1747299300000,1.0
1747299360000,1.0
1747299420000,1.0
1747299480000,1.0
1747299540000,1.0
1747299600000,1.0
1747299660000,1.0
1747299720000,1.0
1747299780000,1.0
1747299840000,1.0
1747299900000,1.0
1747299960000,1.0
1747300020000,1.0
1747300080000,1.0
1747300140000,1.0
1747300200000,1.0
1747300260000,1.0
1747300320000,1.0
1747300380000,1.0
1747300440000,1.0
1747300500000,1.0
1747300560000,1.0
1747300620000,1.0
1747300680000,1.0
1747300740000,1.0
1747300800000,1.0
1747300860000,1.0
1747300920000,1.0
1747300980000,1.0
1747301040000,1.0
1747301100000,0.9999
1747301160000,1.0
1747301220000,1.0
1747301280000,1.0
1747301340000,1.0
1747301400000,1.0
1747301460000,1.0
1747301520000,1.0
1747301580000,1.0
1747301640000,1.0
1747301700000,1.0
1747301760000,1.0
1747301820000,1.0
1747301880000,1.0
1747301940000,1.0
1747302000000,1.0
1747302060000,1.0
1747302120000,1.0
1747302180000,1.0
1747302240000,1.0
1747302300000,1.0
1747302360000,1.0
1747302420000,1.0
